Time		H (m)		IAS (km/h)	G_vert 		G_horiz 	RPM 		AoA 		Hydro_m 	Hydro_b 	SAU 		Fors 		Trigger 
1.000000	4998.500000	0.000000	1.000000	-0.000000	86.542274	1.499990	210.000000	210.000000	0.000000	0.000000	0.000000	
2.000000	4995.951660	775.947876	0.189643	0.006717	86.848274	-0.976577	210.000000	210.000000	0.000000	0.000000	0.000000	
3.000000	4987.691895	776.925781	0.782114	-0.002656	86.974274	1.633142	210.000000	210.000000	0.000000	0.000000	0.000000	
4.000000	4976.270020	778.552856	0.595141	-0.038715	84.082275	0.877932	210.000000	210.000000	0.000000	0.000000	0.000000	
5.000000	4961.646973	777.819458	1.352684	-0.107372	78.280273	4.369291	210.000000	210.000000	0.000000	0.000000	0.000000	
6.000000	4949.531250	776.194763	1.179303	-0.079683	80.800270	3.617432	210.000000	210.000000	0.000000	0.000000	0.000000	
7.000000	4939.574707	774.946350	1.259447	-0.059064	82.582275	3.986943	210.000000	210.000000	0.000000	0.000000	0.000000	
8.000000	4931.961426	773.869812	1.221134	-0.046915	83.506271	3.826594	210.000000	210.000000	0.000000	0.000000	0.000000	
9.000000	4926.552246	772.765991	1.218347	-0.033153	84.544273	3.817174	210.000000	210.000000	0.000000	0.000000	0.000000	
10.000000	4923.210938	771.812561	1.138863	-0.025163	85.072273	3.449688	210.000000	210.000000	0.000000	0.000000	0.000000	
11.000000	4921.006836	771.080078	1.012649	-0.020445	85.312271	2.876893	210.000000	210.000000	0.000000	0.000000	0.000000	
12.000000	4919.366211	770.272095	1.072062	-0.020171	85.324272	3.049290	210.000000	210.000000	0.000000	0.000000	0.000000	
13.000000	4917.073730	770.118530	0.711627	-0.015069	85.396271	1.493483	210.000000	210.000000	0.000000	0.000000	0.000000	
14.000000	4912.784668	769.739075	1.039061	-0.018249	85.408272	2.979430	210.000000	210.000000	0.000000	0.000000	0.000000	
15.000000	4908.591797	769.660645	1.012814	-0.017396	85.420273	2.886122	210.000000	210.000000	0.000000	0.000000	0.000000	
16.000000	4904.387207	769.206360	1.014121	-0.017728	85.378273	2.890118	210.000000	210.000000	0.000000	0.000000	0.000000	
17.000000	4900.549316	768.962402	1.071224	-0.017565	85.390274	3.166457	210.000000	210.000000	0.000000	0.000000	0.000000	
18.000000	4897.332031	768.362488	1.155677	-0.017482	85.402275	3.589270	210.000000	210.000000	0.000000	0.000000	0.000000	
19.000000	4895.880859	767.333313	1.251327	-0.017763	85.360275	4.032769	210.000000	210.000000	0.000000	0.000000	0.000000	
20.000000	4896.684082	766.045837	1.198763	-0.016349	85.372276	3.809983	210.000000	210.000000	0.000000	0.000000	0.000000	
21.000000	4899.508301	764.469177	1.210188	-0.015165	85.384270	3.880569	210.000000	210.000000	0.000000	0.000000	0.000000	
22.000000	4904.360352	762.839111	1.205742	-0.014454	85.342270	3.881924	210.000000	210.000000	0.000000	0.000000	0.000000	
23.000000	4911.217773	760.784668	1.197811	-0.012910	85.354271	3.870849	210.000000	210.000000	0.000000	0.000000	0.000000	
24.000000	4919.984863	758.505005	1.195025	-0.011280	85.366272	3.886197	210.000000	210.000000	0.000000	0.000000	0.000000	
25.000000	4930.515625	755.989746	1.134020	-0.008507	85.438271	3.574733	210.000000	210.000000	0.000000	0.000000	0.000000	
26.000000	4941.839844	753.861206	0.907265	-0.006512	85.336273	2.537989	210.000000	210.000000	0.000000	0.000000	0.000000	
27.000000	4952.506836	751.821655	0.895853	-0.005078	85.348274	2.451341	210.000000	210.000000	0.000000	0.000000	0.000000	
28.000000	4962.029785	750.180237	0.996980	-0.004107	85.420273	2.977771	210.000000	210.000000	0.000000	0.000000	0.000000	
29.000000	4970.884277	748.479004	0.817402	-0.001275	85.432274	2.145505	210.000000	210.000000	0.000000	0.000000	0.000000	
30.000000	4978.456055	747.148254	0.916456	-0.001383	85.444275	2.612464	210.000000	210.000000	0.000000	0.000000	0.000000	
31.000000	4984.559082	746.074585	0.807571	-0.000109	85.402275	2.120863	210.000000	210.000000	0.000000	0.000000	0.000000	
32.000000	4988.671387	745.260559	0.981868	-0.001294	85.414276	2.971299	210.000000	210.000000	0.000000	0.000000	0.000000	
33.000000	4991.167480	744.563477	0.901045	0.000084	85.426270	2.595785	210.000000	210.000000	0.000000	0.000000	0.000000	
34.000000	4991.493652	744.173523	0.959699	-0.000786	85.384270	2.880020	210.000000	210.000000	0.000000	0.000000	0.000000	
35.000000	4989.798340	744.032959	1.065809	-0.001323	85.396271	3.392888	210.000000	210.000000	0.000000	0.000000	0.000000	
36.000000	4986.746094	744.059875	0.903942	0.000285	85.408272	2.630305	210.000000	210.000000	0.000000	0.000000	0.000000	
37.000000	4982.651855	744.230530	1.072305	-0.001779	85.366272	3.439557	210.000000	210.000000	0.000000	0.000000	0.000000	
38.000000	4978.704102	744.323242	1.002677	-0.001014	85.378273	3.108033	210.000000	210.000000	0.000000	0.000000	0.000000	
39.000000	4974.944336	744.356445	1.084991	-0.001473	85.390274	3.535242	210.000000	210.000000	0.000000	0.000000	1.000000	
40.000000	4972.097168	744.098633	1.083996	-0.001782	85.348274	3.534280	210.000000	210.000000	0.000000	0.000000	0.000000	
41.000000	4970.345215	743.649719	1.199219	-0.001988	85.360275	4.088226	210.000000	210.000000	0.000000	0.000000	0.000000	
42.000000	4970.093262	743.026001	1.127002	-0.000892	85.372276	3.752013	210.000000	210.000000	0.000000	0.000000	0.000000	
43.000000	4971.000000	742.218384	1.120836	0.000570	85.444275	3.688027	210.000000	210.000000	0.000000	0.000000	0.000000	
44.000000	4972.390625	741.676697	0.926288	0.002850	85.456276	2.756457	210.000000	210.000000	0.000000	0.000000	1.000000	
45.000000	4973.250977	741.175781	0.975816	0.001394	85.354271	2.943763	210.000000	210.000000	0.000000	0.000000	1.000000	
46.000000	4973.706055	740.917725	0.937322	0.002988	85.426270	2.759735	210.000000	210.000000	0.000000	0.000000	0.000000	
47.000000	4973.479004	740.674072	0.947538	0.003138	85.438271	2.841354	210.000000	210.000000	0.000000	0.000000	0.000000	
48.000000	4973.120605	740.320801	1.090472	0.002298	85.450272	3.526974	210.000000	210.000000	0.000000	0.000000	0.000000	
49.000000	4973.348633	739.884644	1.012139	0.002720	85.408272	3.157561	210.000000	210.000000	0.000000	0.000000	0.000000	
50.000000	4973.855469	739.409851	1.052955	0.002834	85.420273	3.357500	210.000000	210.000000	0.000000	0.000000	0.000000	
51.000000	4974.803711	738.891235	1.030294	0.003535	85.432274	3.254683	210.000000	210.000000	0.000000	0.000000	0.000000	
52.000000	4976.075684	738.386169	1.039437	0.003266	85.390274	3.304376	210.000000	210.000000	0.000000	0.000000	0.000000	
53.000000	4977.724121	737.787842	1.033285	0.003857	85.402275	3.281371	210.000000	210.000000	0.000000	0.000000	0.000000	
54.000000	4979.701660	737.153015	1.017716	0.004549	85.414276	3.174124	210.000000	210.000000	0.000000	0.000000	0.000000	
55.000000	4981.420410	736.793579	0.867770	0.005774	85.372276	2.475216	210.000000	210.000000	0.000000	0.000000	0.000000	
56.000000	4982.248535	736.394043	1.046107	0.004343	85.384270	3.344387	210.000000	210.000000	0.000000	0.000000	0.000000	
57.000000	4983.083984	736.056213	0.961224	0.005551	85.396271	2.940391	210.000000	210.000000	0.000000	0.000000	0.000000	
58.000000	4983.519043	735.719360	1.019210	0.004658	85.354271	3.225370	210.000000	210.000000	0.000000	0.000000	0.000000	
59.000000	4983.822754	735.450500	0.973679	0.005397	85.366272	3.041876	210.000000	210.000000	0.000000	0.000000	0.000000	
60.000000	4984.430664	734.541260	1.572992	0.003483	85.378273	6.007207	210.000000	210.000000	0.000000	0.000000	0.000000	
Time		H (m)		IAS (km/h)	G_vert 		G_horiz 	RPM 		AoA 		Hydro_m 	Hydro_b 	SAU 		Fors 		Trigger 
61.000000	4988.751465	732.714539	1.183028	0.006430	85.450272	4.128838	210.000000	210.000000	0.000000	0.000000	0.000000	
62.000000	4995.094727	731.371887	1.184564	0.007554	85.462273	4.109183	210.000000	210.000000	0.000000	0.000000	0.000000	
63.000000	5002.214844	730.017334	0.979493	0.008640	85.360275	3.117262	210.000000	210.000000	0.000000	0.000000	0.000000	
64.000000	5009.022949	728.761597	1.087930	0.009286	85.432274	3.662109	210.000000	210.000000	0.000000	0.000000	0.000000	
65.000000	5016.061523	727.494080	1.024420	0.010675	85.444275	3.366146	210.000000	210.000000	0.000000	0.000000	0.000000	
66.000000	5023.032715	726.287476	0.960581	0.012031	85.456276	3.040178	210.000000	210.000000	0.000000	0.000000	0.000000	
67.000000	5029.282715	725.391541	0.958032	0.012062	85.414276	3.037292	210.000000	210.000000	0.000000	0.000000	0.000000	
68.000000	5034.580566	724.554504	0.951174	0.012666	85.426270	3.013174	210.000000	210.000000	0.000000	0.000000	0.000000	
69.000000	5038.816895	723.959717	0.928799	0.013373	85.438271	2.900949	210.000000	210.000000	0.000000	0.000000	0.000000	
70.000000	5041.828125	723.571228	0.834256	0.014126	85.396271	2.393213	210.000000	210.000000	0.000000	0.000000	0.000000	
71.000000	5043.219727	723.544617	1.122105	0.011617	85.408272	3.917464	210.000000	210.000000	0.000000	0.000000	0.000000	
72.000000	5045.187500	722.766785	1.043748	0.012537	85.420273	3.523401	210.000000	210.000000	0.000000	0.000000	0.000000	
73.000000	5047.710449	722.353821	1.083404	0.012141	85.378273	3.742515	210.000000	210.000000	0.000000	0.000000	0.000000	
74.000000	5050.562012	721.539612	1.077651	0.012644	85.390274	3.668461	210.000000	210.000000	0.000000	0.000000	0.000000	
75.000000	5053.303223	721.264954	0.821825	0.015639	85.402275	2.389759	210.000000	210.000000	0.000000	0.000000	0.000000	
76.000000	5054.432129	721.195862	0.894720	0.015654	85.474274	2.745093	210.000000	210.000000	0.000000	0.000000	0.000000	
77.000000	5054.309082	721.441589	0.794921	0.015440	85.372276	2.221713	210.000000	210.000000	0.000000	0.000000	1.000000	
78.000000	5052.133301	722.033630	0.819213	0.015059	85.384270	2.295296	210.000000	210.000000	0.000000	0.000000	1.000000	
79.000000	5048.041016	722.873657	0.863495	0.015030	85.456276	2.587356	210.000000	210.000000	0.000000	0.000000	0.000000	
80.000000	5043.159180	723.347473	1.154140	0.012224	85.468277	4.003118	210.000000	210.000000	0.000000	0.000000	0.000000	
81.000000	5039.051270	723.914124	0.794331	0.014237	85.366272	2.183313	210.000000	210.000000	0.000000	0.000000	0.000000	
82.000000	5033.790039	724.652466	1.199692	0.011045	85.438271	4.214180	210.000000	210.000000	0.000000	0.000000	0.000000	
83.000000	5029.249023	725.032776	0.864728	0.013837	85.450272	2.571097	210.000000	210.000000	0.000000	0.000000	0.000000	
84.000000	5024.580566	725.504272	1.240973	0.010627	85.462273	4.389623	210.000000	210.000000	0.000000	0.000000	0.000000	
85.000000	5021.083008	725.809204	0.918952	0.012639	85.420273	2.826179	210.000000	210.000000	0.000000	0.000000	0.000000	
86.000000	5017.613281	726.021423	1.225111	0.010169	85.432274	4.330664	210.000000	210.000000	0.000000	0.000000	0.000000	
87.000000	5015.703125	725.924438	1.072931	0.011525	85.444275	3.591161	210.000000	210.000000	0.000000	0.000000	0.000000	
88.000000	5014.771973	725.707764	1.157705	0.010499	85.402275	4.006199	210.000000	210.000000	0.000000	0.000000	0.000000	
89.000000	5015.121094	725.314026	1.110074	0.011281	85.414276	3.778997	210.000000	210.000000	0.000000	0.000000	0.000000	
90.000000	5016.472168	724.837524	1.002926	0.012632	85.426270	3.214754	210.000000	210.000000	0.000000	0.000000	0.000000	
91.000000	5017.368164	724.758972	0.964699	0.012626	85.384270	3.042197	210.000000	210.000000	0.000000	0.000000	0.000000	
92.000000	5017.026367	724.640625	1.038800	0.012083	85.396271	3.406770	210.000000	210.000000	0.000000	0.000000	0.000000	
93.000000	5015.547363	724.775024	0.979938	0.012789	85.408272	3.108913	210.000000	210.000000	0.000000	0.000000	0.000000	
94.000000	5012.090332	725.418213	0.289385	0.022895	85.366272	-0.468311	210.000000	210.000000	0.000000	0.000000	0.000000	
95.000000	5002.972656	727.337646	0.832271	0.012980	85.378273	2.138567	210.000000	210.000000	0.000000	0.000000	0.000000	
96.000000	4989.175781	729.881287	0.392083	0.018261	85.390274	0.075211	210.000000	210.000000	0.000000	0.000000	0.000000	
97.000000	4970.408691	732.927368	0.721873	0.012149	85.462273	1.654125	210.000000	210.000000	0.000000	0.000000	0.000000	
98.000000	4948.216797	736.547180	0.600034	0.010774	85.360275	1.051611	210.000000	210.000000	0.000000	0.000000	0.000000	
99.000000	4922.235840	740.502197	0.778434	0.006419	85.372276	1.799292	210.000000	210.000000	0.000000	0.000000	0.000000	
100.000000	4893.051270	745.101135	0.583264	0.007434	85.444275	1.019605	210.000000	210.000000	0.000000	0.000000	0.000000	
101.000000	4860.320801	749.242065	1.233700	-0.003205	85.342270	3.997127	210.000000	210.000000	0.000000	0.000000	0.000000	
102.000000	4827.060059	753.731262	0.855305	-0.001873	85.354271	2.214098	210.000000	210.000000	0.000000	0.000000	0.000000	
103.000000	4791.179688	758.062683	0.663865	-0.002425	85.312271	1.228421	210.000000	210.000000	0.000000	0.000000	0.000000	
104.000000	4750.471680	763.745361	1.130939	-0.010281	85.324272	3.317336	210.000000	210.000000	0.000000	0.000000	0.000000	
105.000000	4706.030273	769.400085	0.912489	-0.011365	85.336273	2.294928	210.000000	210.000000	0.000000	0.000000	0.000000	
106.000000	4658.858398	775.560791	1.168706	-0.017458	85.294273	3.365353	210.000000	210.000000	0.000000	0.000000	0.000000	
107.000000	4610.427734	781.573730	1.063315	-0.019817	85.306274	2.851023	210.000000	210.000000	0.000000	0.000000	0.000000	
108.000000	4562.277832	787.415466	1.341547	-0.024570	85.318275	4.007611	210.000000	210.000000	0.000000	0.000000	0.000000	
109.000000	4517.119629	792.401428	1.303220	-0.027708	85.276276	3.828610	210.000000	210.000000	0.000000	0.000000	0.000000	
110.000000	4475.492676	796.321411	1.734802	-0.030124	85.288277	5.574712	210.000000	210.000000	0.000000	0.000000	0.000000	
111.000000	4440.077148	799.046387	1.651979	-0.031109	85.300270	5.208003	210.000000	210.000000	0.000000	0.000000	0.000000	
112.000000	4411.189941	800.689453	1.658186	-0.032296	85.258270	5.198083	210.000000	210.000000	0.000000	0.000000	0.000000	
113.000000	4388.359863	801.706909	1.470409	-0.032075	85.270271	4.381343	210.000000	210.000000	0.000000	0.000000	0.000000	
114.000000	4370.176270	802.536011	1.308140	-0.031359	85.282272	3.676123	210.000000	210.000000	0.000000	0.000000	0.000000	
115.000000	4355.549316	802.978821	1.398867	-0.032229	85.240273	4.036853	210.000000	210.000000	0.000000	0.000000	0.000000	
116.000000	4344.550293	802.855774	1.358436	-0.031397	85.252274	3.873475	210.000000	210.000000	0.000000	0.000000	0.000000	
117.000000	4337.008789	802.353088	1.120709	-0.029107	85.264275	2.868470	210.000000	210.000000	0.000000	0.000000	0.000000	
118.000000	4331.388672	801.874756	1.317133	-0.030306	85.222275	3.681474	210.000000	210.000000	0.000000	0.000000	0.000000	
119.000000	4328.139648	800.883545	1.181595	-0.028406	85.234276	3.138307	210.000000	210.000000	0.000000	0.000000	0.000000	
120.000000	4326.938477	799.703857	1.244477	-0.027650	85.246277	3.405917	210.000000	210.000000	0.000000	0.000000	0.000000	
Time		H (m)		IAS (km/h)	G_vert 		G_horiz 	RPM 		AoA 		Hydro_m 	Hydro_b 	SAU 		Fors 		Trigger 
121.000000	4327.893555	798.229248	1.207922	-0.026804	85.204277	3.271454	210.000000	210.000000	0.000000	0.000000	0.000000	
122.000000	4330.853027	796.484985	1.212932	-0.025356	85.216270	3.308406	210.000000	210.000000	0.000000	0.000000	0.000000	
123.000000	4335.778809	794.743774	1.202150	-0.017252	85.684273	3.283959	210.000000	210.000000	0.000000	0.000000	0.000000	
124.000000	4342.530762	792.924561	1.197285	-0.001707	86.668274	3.279127	210.000000	210.000000	0.000000	0.000000	0.000000	
125.000000	4351.076172	791.196777	1.165457	0.004898	87.022270	3.163533	210.000000	210.000000	0.000000	0.000000	0.000000	
126.000000	4361.076172	789.434570	1.142430	0.008031	87.148270	3.081023	210.000000	210.000000	0.000000	0.000000	0.000000	
127.000000	4372.239746	787.586609	1.149223	0.010158	87.220276	3.113213	210.000000	210.000000	0.000000	0.000000	0.000000	
128.000000	4384.455078	785.833496	1.035234	0.029866	88.372276	2.649469	210.000000	210.000000	0.000000	1.000000	0.000000	
129.000000	4397.148438	785.176392	1.082593	0.100618	91.234276	2.853724	210.000000	210.000000	0.000000	1.000000	0.000000	
130.000000	4410.459473	785.740662	1.043355	0.100063	92.446274	2.679642	210.000000	210.000000	0.000000	1.000000	0.000000	
131.000000	4424.345215	786.213257	1.037995	0.101363	92.800270	2.648588	210.000000	210.000000	0.000000	1.000000	0.000000	
132.000000	4438.641602	786.653320	1.011714	0.068837	90.874275	2.529034	210.000000	210.000000	0.000000	0.000000	0.000000	
133.000000	4453.069824	785.663147	1.171989	0.027582	88.438271	3.256308	210.000000	210.000000	0.000000	0.000000	0.000000	
134.000000	4469.030762	783.352173	1.146181	0.015006	87.538277	3.183362	210.000000	210.000000	0.000000	0.000000	0.000000	
135.000000	4486.788574	780.627991	1.252433	0.012610	87.322273	3.668569	210.000000	210.000000	0.000000	0.000000	0.000000	
136.000000	4506.541504	777.442200	1.177056	0.012553	87.166275	3.382617	210.000000	210.000000	0.000000	0.000000	1.000000	
137.000000	4528.244629	774.072937	1.205675	0.014415	87.178276	3.537962	210.000000	210.000000	0.000000	0.000000	1.000000	
138.000000	4551.476563	770.739136	0.762607	0.020875	87.190269	1.586912	210.000000	210.000000	0.000000	0.000000	1.000000	
139.000000	4573.798340	767.573975	1.414595	0.016332	87.148270	4.504223	210.000000	210.000000	0.000000	0.000000	1.000000	
140.000000	4598.005371	764.056641	0.886315	0.022383	87.160271	2.236148	210.000000	210.000000	0.000000	0.000000	1.000000	
141.000000	4622.304199	760.590271	1.199700	0.021361	87.172272	3.654736	210.000000	210.000000	0.000000	0.000000	1.000000	
142.000000	4647.533203	757.161011	0.948605	0.024774	87.130272	2.554617	210.000000	210.000000	0.000000	0.000000	0.000000	
143.000000	4672.611328	754.243408	0.940180	0.026579	87.142273	2.534377	210.000000	210.000000	0.000000	0.000000	0.000000	
144.000000	4697.132813	751.194214	0.942895	0.028185	87.154274	2.576603	210.000000	210.000000	0.000000	0.000000	0.000000	
145.000000	4720.849609	748.233398	0.938476	0.028954	87.112274	2.597167	210.000000	210.000000	0.000000	0.000000	0.000000	
146.000000	4744.242676	745.307556	1.104120	0.028906	87.124275	3.438898	210.000000	210.000000	0.000000	0.000000	0.000000	
147.000000	4768.458984	742.010864	1.039123	0.031105	87.136276	3.151733	210.000000	210.000000	0.000000	0.000000	0.000000	
148.000000	4793.014160	738.944336	1.026231	0.033738	87.208275	3.127320	210.000000	210.000000	0.000000	0.000000	0.000000	
149.000000	4817.851563	735.801941	1.008926	0.035424	87.220276	3.081529	210.000000	210.000000	0.000000	0.000000	0.000000	
150.000000	4842.827148	732.755615	1.015732	0.036900	87.232277	3.150606	210.000000	210.000000	0.000000	0.000000	1.000000	
151.000000	4867.769531	729.628174	1.048997	0.037319	87.190269	3.355065	210.000000	210.000000	0.000000	0.000000	1.000000	
152.000000	4893.217285	726.506226	1.021059	0.039091	87.202271	3.273408	210.000000	210.000000	0.000000	0.000000	0.000000	
153.000000	4919.151855	723.487671	1.253450	0.038973	87.214272	4.488004	210.000000	210.000000	0.000000	0.000000	0.000000	
154.000000	4947.199707	719.291443	1.575665	0.038869	87.172272	6.200955	210.000000	210.000000	0.000000	0.000000	0.000000	
155.000000	4979.756836	714.199097	1.076926	0.042376	87.184273	3.761395	210.000000	210.000000	0.000000	0.000000	1.000000	
156.000000	5013.871582	709.763428	1.139630	0.043765	87.196274	4.053718	210.000000	210.000000	0.000000	0.000000	1.000000	
157.000000	5048.540039	705.301453	1.017735	0.047012	87.268272	3.501961	210.000000	210.000000	0.000000	0.000000	0.000000	
158.000000	5083.724121	700.854370	1.069153	0.047830	87.280273	3.822292	210.000000	210.000000	0.000000	0.000000	0.000000	
159.000000	5119.299805	696.357605	1.015949	0.048039	87.178276	3.609842	210.000000	210.000000	0.000000	0.000000	0.000000	
160.000000	5154.630859	691.935120	1.026857	0.050011	87.250275	3.725977	210.000000	210.000000	0.000000	0.000000	0.000000	
161.000000	5189.992676	687.580139	0.999033	0.051506	87.262276	3.639345	210.000000	210.000000	0.000000	0.000000	0.000000	
162.000000	5224.857910	683.310242	0.995382	0.052715	87.274277	3.678074	210.000000	210.000000	0.000000	0.000000	0.000000	
163.000000	5258.794922	679.618652	0.978162	0.053277	87.232277	3.641877	210.000000	210.000000	0.000000	0.000000	0.000000	
164.000000	5291.916016	675.686035	0.969904	0.054424	87.244270	3.651303	210.000000	210.000000	0.000000	0.000000	0.000000	
165.000000	5323.732422	671.954834	0.956984	0.055551	87.256271	3.631886	210.000000	210.000000	0.000000	0.000000	0.000000	
166.000000	5353.756836	668.513428	0.948170	0.055836	87.214272	3.630700	210.000000	210.000000	0.000000	0.000000	0.000000	
167.000000	5382.032715	665.396790	0.914096	0.057034	87.226273	3.477407	210.000000	210.000000	0.000000	0.000000	0.000000	
168.000000	5407.889648	662.678467	0.924046	0.057655	87.238274	3.576621	210.000000	210.000000	0.000000	0.000000	0.000000	
169.000000	5430.951172	660.329712	0.927573	0.059010	87.310272	3.631774	210.000000	210.000000	0.000000	0.000000	0.000000	
170.000000	5451.225098	658.444031	0.925507	0.059573	87.322273	3.649332	210.000000	210.000000	0.000000	0.000000	0.000000	
171.000000	5467.972168	657.091675	0.850691	0.060810	87.334274	3.201658	210.000000	210.000000	0.000000	0.000000	0.000000	
172.000000	5480.623047	656.577148	0.854360	0.060311	87.292274	3.262889	210.000000	210.000000	0.000000	0.000000	0.000000	
173.000000	5489.501953	656.314514	0.945239	0.059295	87.304276	3.785665	210.000000	210.000000	0.000000	0.000000	0.000000	
174.000000	5494.870605	656.674805	0.870220	0.060200	87.316277	3.337977	210.000000	210.000000	0.000000	0.000000	0.000000	
175.000000	5496.523438	657.589844	0.845742	0.059574	87.274277	3.175742	210.000000	210.000000	0.000000	0.000000	0.000000	
176.000000	5495.082520	659.074036	0.812453	0.059729	87.286270	2.946157	210.000000	210.000000	0.000000	0.000000	0.000000	
177.000000	5491.139648	660.925659	0.929417	0.057966	87.298271	3.634260	210.000000	210.000000	0.000000	0.000000	0.000000	
178.000000	5486.305664	662.606323	0.945793	0.056608	87.256271	3.703486	210.000000	210.000000	0.000000	0.000000	0.000000	
179.000000	5480.879883	664.534119	0.875017	0.057056	87.268272	3.267003	210.000000	210.000000	0.000000	0.000000	0.000000	
180.000000	5474.344238	666.602356	0.881439	0.056531	87.280273	3.258708	210.000000	210.000000	0.000000	0.000000	0.000000	
Time		H (m)		IAS (km/h)	G_vert 		G_horiz 	RPM 		AoA 		Hydro_m 	Hydro_b 	SAU 		Fors 		Trigger 
181.000000	5466.612793	668.946045	0.854022	0.055681	87.238274	3.073597	210.000000	210.000000	0.000000	0.000000	0.000000	
182.000000	5457.376465	671.453613	0.880429	0.054792	87.250275	3.196929	210.000000	210.000000	0.000000	0.000000	0.000000	
183.000000	5446.937500	673.787720	0.931455	0.053642	87.262276	3.456097	210.000000	210.000000	0.000000	0.000000	0.000000	
184.000000	5435.764160	676.406982	0.939676	0.053759	87.334274	3.470450	210.000000	210.000000	0.000000	0.000000	0.000000	
185.000000	5423.910156	679.101746	0.962722	0.051403	87.232277	3.561846	210.000000	210.000000	0.000000	0.000000	0.000000	
186.000000	5411.691895	681.684875	1.421645	0.049141	87.244270	6.304173	210.000000	210.000000	0.000000	0.000000	0.000000	
187.000000	5403.265625	680.620117	2.136261	0.053659	87.316277	10.130773	210.000000	210.000000	0.000000	0.000000	0.000000	
188.000000	5399.317383	678.415405	2.078315	0.053905	87.328270	9.864323	210.000000	210.000000	0.000000	0.000000	0.000000	
189.000000	5396.352051	676.679260	1.607648	0.049536	87.226273	7.348198	210.000000	210.000000	0.000000	0.000000	0.000000	
190.000000	5392.312012	676.059326	1.953355	0.053221	87.298271	9.227980	210.000000	210.000000	0.000000	0.000000	0.000000	
191.000000	5386.271484	674.865967	1.782252	0.052376	87.310272	8.345528	210.000000	210.000000	0.000000	0.000000	0.000000	
192.000000	5375.830566	674.791687	1.858287	0.053431	87.322273	8.764482	210.000000	210.000000	0.000000	0.000000	0.000000	
193.000000	5358.534668	675.142090	1.992843	0.054157	87.280273	9.496516	210.000000	210.000000	0.000000	0.000000	0.000000	
194.000000	5332.093262	676.566162	1.822025	0.052102	87.292274	8.436131	210.000000	210.000000	0.000000	0.000000	0.000000	
195.000000	5297.315918	680.677673	1.578809	0.051018	87.304276	7.077144	210.000000	210.000000	0.000000	0.000000	0.000000	
196.000000	5254.485352	685.434937	1.919973	0.050715	87.262276	8.781048	210.000000	210.000000	0.000000	0.000000	0.000000	
197.000000	5205.072266	690.612488	1.927854	0.049605	87.274277	8.689679	210.000000	210.000000	0.000000	0.000000	0.000000	
198.000000	5152.706055	696.194031	1.907930	0.047797	87.286270	8.356179	210.000000	210.000000	0.000000	0.000000	0.000000	
199.000000	5099.684082	702.937378	1.566762	0.044556	87.244270	6.435192	210.000000	210.000000	0.000000	0.000000	0.000000	
200.000000	5043.466797	710.788025	1.295847	0.043226	87.256271	4.874719	210.000000	210.000000	0.000000	0.000000	0.000000	
201.000000	4982.310547	719.643860	1.536567	0.040303	87.268272	5.943045	210.000000	210.000000	0.000000	0.000000	0.000000	
202.000000	4918.080078	728.199219	1.650458	0.035722	87.226273	6.395936	210.000000	210.000000	0.000000	0.000000	0.000000	
203.000000	4851.670410	736.374939	2.037807	0.034488	87.238274	8.103456	210.000000	210.000000	0.000000	0.000000	0.000000	
204.000000	4784.767090	742.721680	1.854890	0.030044	87.250275	7.065589	210.000000	210.000000	0.000000	0.000000	0.000000	
205.000000	4722.441406	750.002991	1.990072	0.026586	87.208275	7.485153	210.000000	210.000000	0.000000	0.000000	0.000000	
206.000000	4668.188477	755.959106	2.046725	0.024753	87.220276	7.660811	210.000000	210.000000	0.000000	0.000000	0.000000	
207.000000	4623.751465	759.760254	2.096835	0.021893	87.118271	7.798709	210.000000	210.000000	0.000000	0.000000	0.000000	
208.000000	4589.916504	762.206970	2.085893	0.018809	86.962273	7.692376	210.000000	210.000000	0.000000	0.000000	0.000000	
209.000000	4566.023926	762.051208	2.051383	-0.051482	81.616272	7.499447	210.000000	210.000000	0.000000	0.000000	0.000000	
210.000000	4551.697266	759.804749	1.818412	-0.076788	79.234276	6.521804	210.000000	210.000000	0.000000	0.000000	0.000000	
211.000000	4545.601563	755.892334	1.892316	-0.083312	78.280273	6.907186	210.000000	210.000000	0.000000	0.000000	0.000000	
212.000000	4547.017578	751.009766	1.659894	-0.083562	77.950272	5.901339	210.000000	210.000000	0.000000	0.000000	0.000000	
213.000000	4552.128418	747.221130	0.830335	-0.074875	77.962273	2.115182	210.000000	210.000000	0.000000	0.000000	0.000000	
214.000000	4556.895996	744.017029	1.274413	-0.077093	77.920273	4.137322	210.000000	210.000000	0.000000	0.000000	0.000000	
215.000000	4562.958984	740.651001	0.933513	-0.071292	77.932274	2.624402	210.000000	210.000000	0.000000	0.000000	0.000000	
216.000000	4569.085449	737.072876	1.199920	-0.072033	77.944275	3.895494	210.000000	210.000000	0.000000	0.000000	0.000000	
217.000000	4576.511719	733.540955	0.985693	-0.068690	77.902275	2.931965	210.000000	210.000000	0.000000	0.000000	0.000000	
218.000000	4584.151367	729.993347	1.069596	-0.067904	77.914276	3.364636	210.000000	210.000000	0.000000	0.000000	0.000000	
219.000000	4592.295410	726.462830	1.017963	-0.065633	77.926270	3.160468	210.000000	210.000000	0.000000	0.000000	0.000000	
220.000000	4600.567871	722.935120	1.024424	-0.063477	77.998276	3.230788	210.000000	210.000000	0.000000	0.000000	0.000000	
221.000000	4609.074707	719.465881	1.007720	-0.061636	78.010277	3.190131	210.000000	210.000000	0.000000	0.000000	0.000000	
222.000000	4617.621094	715.992126	1.013475	-0.060089	78.022270	3.259484	210.000000	210.000000	0.000000	0.000000	0.000000	
223.000000	4626.111328	712.638611	0.940802	-0.058214	77.980270	2.929885	210.000000	210.000000	0.000000	0.000000	0.000000	
224.000000	4634.149414	709.772156	1.003653	-0.057425	77.992271	3.293844	210.000000	210.000000	0.000000	0.000000	0.000000	
225.000000	4642.082031	706.460571	0.996366	-0.055894	78.004272	3.299644	210.000000	210.000000	0.000000	0.000000	0.000000	
226.000000	4649.988281	703.233459	1.091457	-0.055828	77.962273	3.876093	210.000000	210.000000	0.000000	0.000000	0.000000	
227.000000	4658.733398	699.482056	1.142807	-0.054860	77.974274	4.148057	210.000000	210.000000	0.000000	0.000000	0.000000	
228.000000	4667.725098	696.035461	1.246042	-0.053768	77.986275	4.827498	210.000000	210.000000	0.000000	0.000000	0.000000	
229.000000	4676.633789	691.472412	1.507350	-0.053053	78.058273	6.289149	210.000000	210.000000	0.000000	0.000000	0.000000	
230.000000	4685.264648	686.667175	1.791425	-0.050730	78.070274	7.949920	210.000000	210.000000	0.000000	0.000000	0.000000	
231.000000	4692.440918	680.840027	1.652607	-0.049315	78.082275	7.166766	210.000000	210.000000	0.000000	0.000000	0.000000	
232.000000	4695.676758	678.253418	0.949163	-0.043051	78.040276	3.488096	210.000000	210.000000	0.000000	0.000000	0.000000	
233.000000	4691.825684	676.549316	1.186802	-0.044922	78.052277	4.753409	210.000000	210.000000	0.000000	0.000000	0.000000	
234.000000	4680.969727	676.263550	1.148412	-0.044000	78.064270	4.569516	210.000000	210.000000	0.000000	0.000000	0.000000	
235.000000	4663.817383	676.607544	1.129162	-0.044354	78.022270	4.454122	210.000000	210.000000	0.000000	0.000000	0.000000	
236.000000	4640.347168	678.164551	1.084799	-0.044162	78.034271	4.170006	210.000000	210.000000	0.000000	0.000000	0.000000	
237.000000	4611.929688	680.530029	1.123276	-0.044289	78.046272	4.422561	210.000000	210.000000	0.000000	0.000000	0.000000	
238.000000	4583.142090	682.366638	1.587892	-0.049219	78.004272	6.770063	210.000000	210.000000	0.000000	0.000000	0.000000	
239.000000	4555.711914	683.735962	1.284309	-0.047771	78.016273	5.257404	210.000000	210.000000	0.000000	0.000000	0.000000	
240.000000	4527.601074	684.374390	2.031912	-0.049439	77.914276	9.185973	210.000000	210.000000	0.000000	0.000000	0.000000	
Time		H (m)		IAS (km/h)	G_vert 		G_horiz 	RPM 		AoA 		Hydro_m 	Hydro_b 	SAU 		Fors 		Trigger 
241.000000	4500.141113	683.938110	1.683383	-0.049388	77.986275	7.453614	210.000000	210.000000	0.000000	0.000000	0.000000	
242.000000	4469.430176	683.164673	2.377334	-0.045480	77.884270	11.093578	210.000000	210.000000	0.000000	0.000000	0.000000	
243.000000	4432.610840	682.266052	2.201358	-0.046840	77.896271	10.239917	210.000000	210.000000	0.000000	0.000000	0.000000	
244.000000	4389.014160	682.616577	2.269258	-0.046552	77.854271	10.558918	210.000000	210.000000	0.000000	0.000000	0.000000	
245.000000	4338.226074	683.976074	2.246899	-0.046992	77.866272	10.393557	210.000000	210.000000	0.000000	0.000000	0.000000	
246.000000	4280.586426	686.207520	2.408515	-0.046759	77.764275	11.152885	210.000000	210.000000	0.000000	0.000000	0.000000	
247.000000	4217.698242	688.882446	2.365285	-0.048403	77.722275	10.894547	210.000000	210.000000	0.000000	0.000000	0.000000	
248.000000	4149.291504	690.852661	3.044103	-0.035449	77.734276	14.205449	210.000000	210.000000	0.000000	0.000000	0.000000	
249.000000	4078.662598	691.841858	2.708178	-0.044938	77.632271	12.514305	210.000000	210.000000	0.000000	0.000000	0.000000	
250.000000	4007.262207	693.934082	2.842360	-0.043323	77.590271	13.069872	210.000000	210.000000	0.000000	0.000000	0.000000	
251.000000	3933.111572	696.089844	2.809989	-0.044561	77.602272	12.834173	210.000000	210.000000	0.000000	0.000000	0.000000	
252.000000	3854.633057	698.854370	2.856296	-0.045868	77.500275	12.934629	210.000000	210.000000	0.000000	0.000000	0.000000	
253.000000	3773.906738	702.053162	2.860713	-0.047647	77.458275	12.802856	210.000000	210.000000	0.000000	0.000000	0.000000	
254.000000	3690.763428	705.804321	2.710248	-0.051349	77.470276	11.950207	210.000000	210.000000	0.000000	0.000000	0.000000	
255.000000	3600.623047	710.943298	2.812490	-0.052425	77.368271	12.304839	210.000000	210.000000	0.000000	0.000000	0.000000	
256.000000	3505.824707	715.007813	3.306706	-0.044070	77.326271	14.380683	210.000000	210.000000	0.000000	0.000000	0.000000	
257.000000	3409.860107	718.881653	3.194198	-0.049256	77.224274	13.749642	210.000000	210.000000	0.000000	0.000000	0.000000	
258.000000	3316.040771	722.023010	3.255609	-0.049428	77.236275	13.887829	210.000000	210.000000	0.000000	0.000000	0.000000	
259.000000	3229.208252	724.154907	3.227601	-0.052859	77.080276	13.661955	210.000000	210.000000	0.000000	0.000000	0.000000	
260.000000	3149.941895	725.242126	3.219181	-0.053389	77.092270	13.568889	210.000000	210.000000	0.000000	0.000000	0.000000	
261.000000	3078.122314	725.018250	3.222735	-0.054375	76.990273	13.575929	210.000000	210.000000	0.000000	0.000000	0.000000	
262.000000	3015.605225	723.269958	3.224591	-0.054121	76.948273	13.627257	210.000000	210.000000	0.000000	0.000000	0.000000	
263.000000	2964.082275	719.698730	3.131311	-0.055394	76.960274	13.234900	210.000000	210.000000	0.000000	0.000000	0.000000	
264.000000	2927.333984	716.783936	2.514545	-0.062265	76.858276	10.554368	210.000000	210.000000	0.000000	0.000000	0.000000	
265.000000	2902.207275	712.147217	2.806507	-0.036631	78.868271	12.006399	210.000000	210.000000	0.000000	0.000000	0.000000	
266.000000	2890.924316	705.605591	2.764609	-0.011478	80.818275	12.042775	210.000000	210.000000	0.000000	0.000000	0.000000	
267.000000	2896.107666	696.535400	2.745963	0.006915	82.084274	12.229182	210.000000	210.000000	0.000000	0.000000	0.000000	
268.000000	2917.620361	685.549255	2.660560	0.017225	82.612274	12.226936	210.000000	210.000000	0.000000	0.000000	0.000000	
269.000000	2953.947266	671.614258	2.623755	0.022223	82.738274	12.417089	210.000000	210.000000	0.000000	0.000000	0.000000	
270.000000	3001.097168	658.000000	2.145499	0.026324	82.864273	10.435573	210.000000	210.000000	0.000000	0.000000	0.000000	
271.000000	3054.664551	643.216309	2.258449	0.031601	82.936272	11.529593	210.000000	210.000000	0.000000	0.000000	0.000000	
272.000000	3112.325439	627.389771	2.385230	0.037171	82.948273	12.868634	210.000000	210.000000	0.000000	0.000000	0.000000	
273.000000	3170.362549	610.662842	2.281621	0.054060	83.986275	12.944595	210.000000	210.000000	0.000000	0.000000	0.000000	
274.000000	3226.856201	596.349487	2.275038	0.063161	84.400276	13.613317	210.000000	210.000000	0.000000	0.000000	0.000000	
275.000000	3280.345459	580.102173	2.313094	0.069269	84.640274	14.518929	210.000000	210.000000	0.000000	0.000000	0.000000	
276.000000	3329.359131	565.392944	2.088035	0.070707	84.652275	13.739776	210.000000	210.000000	0.000000	0.000000	0.000000	
277.000000	3376.245117	550.963562	2.136625	0.074009	84.724274	14.747113	210.000000	210.000000	0.000000	0.000000	0.000000	
278.000000	3421.275635	536.934692	2.047372	0.075907	84.736275	14.818659	210.000000	210.000000	0.000000	0.000000	0.000000	
279.000000	3462.901367	523.820313	1.777637	0.077819	84.748276	13.464605	210.000000	210.000000	0.000000	0.000000	0.000000	
280.000000	3495.353760	512.959473	2.225955	0.082686	84.706276	17.276655	210.000000	209.517715	0.000000	0.000000	0.000000	
281.000000	3510.872314	507.131775	0.352860	0.105117	84.718277	1.368689	210.000000	210.000000	0.000000	0.000000	0.000000	
282.000000	3516.046875	509.282013	0.400410	0.103938	84.730270	1.749071	210.000000	210.000000	0.000000	0.000000	0.000000	
283.000000	3513.644043	512.640259	0.471501	0.102465	84.802277	2.319312	210.000000	210.000000	0.000000	0.000000	0.000000	
284.000000	3504.039063	517.045532	0.401639	0.103678	84.814270	1.655216	210.000000	210.000000	0.000000	0.000000	0.000000	
285.000000	3487.276611	523.281677	0.480257	0.099684	84.712273	2.235995	210.000000	210.000000	0.000000	0.000000	0.000000	
286.000000	3464.071045	530.735535	0.454129	0.100257	84.784271	1.900544	210.000000	210.000000	0.000000	0.000000	0.000000	
287.000000	3434.207520	539.410034	0.918531	0.087037	84.796272	6.651463	210.000000	210.000000	0.000000	0.000000	0.000000	
288.000000	3403.414551	538.836914	2.632557	0.084626	84.694275	18.846962	210.000000	210.000000	0.000000	0.000000	0.000000	
289.000000	3375.565186	537.928406	1.803615	0.076661	84.766273	13.042912	210.000000	210.000000	0.000000	0.000000	0.000000	
290.000000	3347.851807	538.100342	2.327955	0.080265	84.778275	16.812798	210.000000	210.000000	0.000000	0.000000	0.000000	
291.000000	3320.895020	536.207397	2.252442	0.078023	84.676270	16.342955	210.000000	210.000000	0.000000	0.000000	0.000000	
292.000000	3292.686035	535.435974	2.176877	0.078504	84.748276	15.788570	210.000000	210.000000	0.000000	0.000000	0.000000	
293.000000	3259.948975	536.527710	2.034109	0.076398	84.646271	14.677333	210.000000	210.000000	0.000000	0.000000	0.000000	
294.000000	3223.505615	538.441895	2.119557	0.076837	84.658272	15.173437	210.000000	210.000000	0.000000	0.000000	0.000000	
295.000000	3186.097900	540.417358	2.113895	0.077456	84.730270	15.021999	210.000000	210.000000	0.000000	0.000000	0.000000	
296.000000	3149.276123	542.467468	2.111304	0.077666	84.742271	14.920404	210.000000	210.000000	0.000000	0.000000	0.000000	
297.000000	3113.386230	544.363098	2.184180	0.106884	86.920273	15.330864	210.000000	210.000000	0.000000	0.000000	0.000000	
298.000000	3081.263184	546.067810	2.212676	0.120762	87.904274	15.425452	210.000000	210.000000	0.000000	0.000000	0.000000	
299.000000	3055.807617	546.697449	2.175961	0.125812	88.258270	15.145639	210.000000	210.000000	0.000000	0.000000	0.000000	
300.000000	3037.634277	546.015381	2.207398	0.129753	88.498276	15.377654	210.000000	210.000000	0.000000	0.000000	0.000000	
Time		H (m)		IAS (km/h)	G_vert 		G_horiz 	RPM 		AoA 		Hydro_m 	Hydro_b 	SAU 		Fors 		Trigger 
301.000000	3027.303223	544.192200	1.996945	0.129977	88.570274	13.903953	210.000000	210.000000	0.000000	0.000000	0.000000	
302.000000	3024.213867	542.822266	1.879950	0.130921	88.582275	13.136553	210.000000	210.000000	0.000000	0.000000	0.000000	
303.000000	3028.193848	539.556702	1.958448	0.131038	88.594276	13.847165	210.000000	210.000000	0.000000	0.000000	0.000000	
304.000000	3039.933350	534.800659	1.884388	0.130933	88.552277	13.550638	210.000000	210.000000	0.000000	0.000000	0.000000	
305.000000	3059.585205	529.012451	1.929836	0.131439	88.564270	14.200435	210.000000	210.000000	0.000000	0.000000	0.000000	
306.000000	3087.720459	520.730042	1.868786	0.132113	88.576271	14.166890	210.000000	210.000000	0.000000	0.000000	0.000000	
307.000000	3123.697998	510.913483	1.824470	0.133699	88.648270	14.297877	210.000000	210.000000	0.000000	0.000000	0.000000	
308.000000	3166.983154	500.402130	1.681527	0.198131	93.220276	13.790307	210.000000	210.000000	0.000000	1.000000	0.000000	
309.000000	3216.431396	489.881195	1.893488	0.197306	91.294273	16.109280	210.000000	210.000000	0.000000	0.000000	0.000000	
310.000000	3271.191162	475.411530	1.748532	0.133875	88.174271	15.749334	210.000000	210.000000	0.000000	0.000000	0.000000	
311.000000	3329.806152	459.740753	1.770407	0.202742	91.378273	16.972929	210.000000	210.000000	0.000000	1.000000	0.000000	
312.000000	3391.687744	445.568451	1.659918	0.299146	96.862274	16.875164	210.000000	210.000000	0.000000	1.000000	0.000000	
313.000000	3455.120850	434.293854	1.567824	0.351327	98.872276	16.739399	210.000000	210.000000	0.000000	1.000000	0.000000	
314.000000	3518.363525	423.284454	1.590797	0.368566	99.568275	17.683340	210.000000	210.000000	0.000000	1.000000	0.000000	
315.000000	3579.841553	414.743530	1.337934	0.374593	99.808273	15.618827	210.000000	210.000000	0.000000	1.000000	0.000000	
316.000000	3637.118164	406.837341	1.376485	0.378299	99.994270	16.570278	210.000000	210.000000	0.000000	1.000000	0.000000	
317.000000	3688.836426	399.786316	1.285051	0.377754	100.006271	15.886533	210.000000	210.000000	0.000000	1.000000	0.000000	
318.000000	3734.089600	395.880981	0.979946	0.381336	100.018272	12.239585	210.000000	210.000000	0.000000	1.000000	0.000000	
319.000000	3772.220947	394.980103	0.986505	0.379680	99.976273	12.357547	210.000000	210.000000	0.000000	1.000000	0.000000	
320.000000	3803.541504	395.250549	1.065522	0.377362	99.988274	13.316448	210.000000	210.000000	0.000000	1.000000	0.000000	
321.000000	3828.436035	397.129303	0.975008	0.378555	100.000275	11.927991	210.000000	210.000000	0.000000	1.000000	0.000000	
322.000000	3847.408447	401.589905	0.791538	0.381302	99.958275	9.348179	210.000000	210.000000	0.000000	1.000000	0.000000	
323.000000	3860.228760	407.748352	0.981376	0.376668	99.970276	11.487345	210.000000	210.000000	0.000000	1.000000	0.000000	
324.000000	3867.935791	414.026367	0.930304	0.377487	99.982277	10.384785	210.000000	210.000000	0.000000	1.000000	0.000000	
325.000000	3873.209473	421.265594	0.979533	0.374705	99.940269	10.631859	210.000000	210.000000	0.000000	1.000000	0.000000	
326.000000	3878.502930	428.029755	1.105007	0.371586	99.952271	11.703350	210.000000	210.000000	0.000000	1.000000	0.000000	
327.000000	3883.603516	435.380920	0.981073	0.373817	99.964272	10.118103	210.000000	210.000000	0.000000	1.000000	0.000000	
328.000000	3885.805664	442.334106	1.365083	0.368500	100.036270	13.735936	210.000000	210.000000	0.000000	1.000000	0.000000	
329.000000	3886.702393	449.487610	1.084594	0.372517	100.048271	10.315604	210.000000	210.000000	0.000000	1.000000	0.000000	
330.000000	3887.744873	458.318512	0.565525	0.382691	99.946274	4.364531	210.000000	210.000000	0.000000	1.000000	0.000000	
331.000000	3885.333740	469.844818	0.753401	0.378383	100.018272	6.122104	210.000000	210.000000	0.000000	1.000000	0.000000	
332.000000	3879.760498	480.086487	0.863615	0.374921	100.030273	6.724145	210.000000	210.000000	0.000000	1.000000	0.000000	
333.000000	3870.798584	492.501587	0.780113	0.377204	100.042274	5.872402	210.000000	210.000000	0.000000	1.000000	0.000000	
334.000000	3857.326660	503.265961	1.358596	0.366751	100.000275	10.452063	210.000000	210.000000	0.000000	1.000000	0.000000	
335.000000	3840.399414	514.283813	1.078387	0.372716	100.012276	7.820118	210.000000	210.000000	0.000000	1.000000	0.000000	
336.000000	3819.097900	526.401550	1.443939	0.367744	100.024277	10.255924	210.000000	210.000000	0.000000	1.000000	0.000000	
337.000000	3796.682373	538.749756	1.266644	0.370498	99.982277	8.514190	210.000000	210.000000	0.000000	1.000000	0.000000	
338.000000	3771.788574	550.928894	1.749379	0.366879	99.994270	11.635681	210.000000	210.000000	0.000000	1.000000	0.000000	
339.000000	3745.726074	562.360901	1.453717	0.369994	100.006271	9.182761	210.000000	210.000000	0.000000	1.000000	0.000000	
340.000000	3717.863281	574.386414	2.075906	0.367592	99.964272	12.886436	210.000000	210.000000	0.000000	1.000000	0.000000	
341.000000	3688.675049	585.151123	1.819955	0.368834	99.976273	10.949121	210.000000	210.000000	0.000000	1.000000	0.000000	
342.000000	3657.328369	595.493958	2.325498	0.372435	99.988274	13.690815	210.000000	210.000000	0.000000	1.000000	0.000000	
343.000000	3624.551270	604.799316	2.458663	0.375200	99.946274	14.164224	210.000000	210.000000	0.000000	1.000000	0.000000	
344.000000	3590.421387	614.454041	1.901470	0.374096	99.958275	10.295185	210.000000	210.000000	0.000000	1.000000	0.000000	
345.000000	3554.843750	626.074341	2.236853	0.377147	99.970276	11.591352	210.000000	210.000000	0.000000	1.000000	0.000000	
346.000000	3516.440186	640.011841	2.313171	0.382736	100.042274	11.726686	210.000000	210.000000	0.000000	1.000000	0.000000	
347.000000	3475.664307	650.195923	1.624138	0.187630	93.556274	7.322023	210.000000	210.000000	0.000000	0.000000	0.000000	
348.000000	3431.285889	660.067993	2.238338	0.032589	83.536270	10.584304	210.000000	210.000000	0.000000	0.000000	0.000000	
349.000000	3386.396973	662.638000	1.039762	-0.067069	73.576271	3.974174	210.000000	210.000000	0.000000	0.000000	0.000000	
350.000000	3340.289795	666.919495	1.403314	-0.149930	63.556274	5.821532	210.000000	210.000000	0.000000	0.000000	0.000000	
351.000000	3293.685791	667.935608	1.517179	-0.179309	57.982273	6.653004	210.000000	210.000000	0.000000	0.000000	0.000000	
352.000000	3249.038086	665.977112	2.065154	-0.182854	57.598274	9.401729	210.000000	210.000000	0.000000	0.000000	0.000000	
353.000000	3204.996094	665.364685	1.636997	-0.180151	57.382275	7.209469	210.000000	210.000000	0.000000	0.000000	0.000000	
354.000000	3155.172363	665.235168	1.910547	-0.182205	57.280273	8.687654	210.000000	210.000000	0.000000	0.000000	0.000000	
355.000000	3099.965332	665.243713	1.915293	-0.182645	57.124271	8.623002	210.000000	210.000000	0.000000	0.000000	0.000000	
356.000000	3047.096924	665.569641	2.100373	-0.183138	57.136272	9.639499	210.000000	210.000000	0.000000	0.000000	0.000000	
357.000000	3003.239014	662.516663	2.261493	-0.154726	63.304272	10.558945	210.000000	210.000000	0.000000	0.000000	0.000000	
358.000000	2965.634277	660.661011	2.045888	-0.093090	71.014275	9.548649	210.000000	210.000000	0.000000	0.000000	0.000000	
359.000000	2930.681396	659.051758	2.208560	-0.072128	73.648270	10.352782	210.000000	210.000000	0.000000	0.000000	0.000000	
360.000000	2899.535889	658.706665	1.588412	-0.060212	74.572273	7.064826	210.000000	210.000000	0.000000	0.000000	0.000000	
Time		H (m)		IAS (km/h)	G_vert 		G_horiz 	RPM 		AoA 		Hydro_m 	Hydro_b 	SAU 		Fors 		Trigger 
361.000000	2871.550781	658.943420	2.231770	-0.059678	74.872276	10.574181	210.000000	210.000000	0.000000	0.000000	0.000000	
362.000000	2853.824707	653.304138	2.364038	-0.057070	74.998276	11.422863	210.000000	210.000000	0.000000	0.000000	0.000000	
363.000000	2843.446289	647.312683	2.299870	-0.054315	75.010277	11.333764	210.000000	210.000000	0.000000	0.000000	0.000000	
364.000000	2829.841309	641.242371	2.634753	-0.048134	75.082275	13.536997	210.000000	210.000000	0.000000	0.000000	0.000000	
365.000000	2806.188232	632.185608	3.467385	-0.026789	74.980270	18.340536	210.000000	210.000000	0.000000	0.000000	0.000000	
366.000000	2769.840820	622.826843	3.231905	-0.029949	74.992271	17.589722	210.000000	210.000000	0.000000	0.000000	0.000000	
367.000000	2723.439209	615.906189	3.178728	-0.029001	74.950272	17.618607	210.000000	210.000000	0.000000	0.000000	0.000000	
368.000000	2662.158936	612.466431	3.191981	-0.027319	74.962273	17.810577	210.000000	210.000000	0.000000	0.000000	0.000000	
369.000000	2584.155273	613.755920	3.117303	-0.030257	74.860275	17.315985	210.000000	210.000000	0.000000	0.000000	0.000000	
370.000000	2509.834961	611.520264	3.049663	-0.035133	74.818275	16.948357	210.000000	210.000000	0.000000	0.000000	0.000000	
371.000000	2445.860352	611.815979	2.869775	-0.036817	74.830276	16.038811	210.000000	210.000000	0.000000	0.000000	0.000000	
372.000000	2391.249512	607.145691	3.241680	-0.028490	74.728271	18.260794	210.000000	210.000000	0.000000	0.000000	0.000000	
373.000000	2346.666260	600.452026	3.142869	-0.028713	74.686272	18.078289	210.000000	210.000000	0.000000	0.000000	0.000000	
374.000000	2310.166748	591.937805	3.102484	-0.026650	74.698273	18.284111	210.000000	210.000000	0.000000	0.000000	0.000000	
375.000000	2281.425049	583.372070	3.023315	-0.026063	74.596275	18.320154	210.000000	210.000000	0.000000	0.000000	0.000000	
376.000000	2259.867676	572.950745	2.924726	-0.023901	74.668274	18.307264	210.000000	210.000000	0.000000	0.000000	0.000000	
377.000000	2245.417236	561.282166	2.914294	-0.020642	74.566277	18.904152	210.000000	210.000000	0.000000	0.000000	0.000000	
378.000000	2238.862305	548.262085	2.587754	-0.025461	74.350273	17.468439	210.000000	210.000000	0.000000	0.000000	0.000000	
379.000000	2239.079590	536.977844	2.336272	-0.026043	74.194275	16.240076	210.000000	210.000000	0.000000	0.000000	0.000000	
380.000000	2244.477539	526.953613	1.921221	-0.022617	74.206276	13.804405	210.000000	210.000000	0.000000	0.000000	0.000000	
381.000000	2252.867188	519.039978	1.333490	-0.012251	74.218277	9.510342	210.000000	210.000000	0.000000	0.000000	0.000000	
382.000000	2264.434570	512.517578	1.561265	-0.014692	74.176270	11.473828	210.000000	210.000000	0.000000	0.000000	0.000000	
383.000000	2279.605469	505.741180	0.988969	-0.001316	74.188271	7.186402	210.000000	210.000000	0.000000	0.000000	0.000000	
384.000000	2293.760498	499.269409	1.635282	-0.014265	73.858276	12.814430	210.000000	210.000000	0.000000	0.000000	0.000000	
385.000000	2306.579346	490.958191	1.611707	-0.026234	71.992271	13.254408	210.000000	210.000000	0.000000	0.000000	0.000000	
386.000000	2316.780273	481.183807	1.906620	-0.033682	70.750275	16.337656	210.000000	210.000000	0.000000	0.000000	0.000000	
387.000000	2323.490479	470.187531	1.878001	-0.034003	70.192276	16.859926	210.000000	210.000000	0.000000	0.000000	0.000000	
388.000000	2325.953613	460.014191	1.893130	-0.031899	70.036270	17.643053	210.000000	210.000000	0.000000	0.000000	0.000000	
389.000000	2322.899170	451.158539	1.812196	-0.030339	69.934273	17.426237	210.000000	210.000000	0.000000	0.000000	0.000000	
390.000000	2315.410156	444.815735	1.557923	-0.027445	69.946274	15.292957	210.000000	210.000000	0.000000	0.000000	0.000000	
391.000000	2303.829834	441.917999	1.250649	-0.022282	69.904274	12.364113	210.000000	210.000000	0.000000	0.000000	1.000000	
392.000000	2287.356201	441.434387	1.315761	-0.022743	69.916275	12.854074	210.000000	210.000000	0.000000	0.000000	1.000000	
393.000000	2267.656494	442.370850	0.988803	-0.015776	69.928276	9.502622	210.000000	210.000000	0.000000	0.000000	1.000000	
394.000000	2245.579590	444.680298	1.192470	-0.021102	69.886276	11.231383	210.000000	210.000000	0.000000	0.000000	0.000000	
395.000000	2222.057373	447.353027	0.809615	-0.011856	69.898270	7.304726	210.000000	210.000000	0.000000	0.000000	0.000000	
396.000000	2196.954834	451.196381	1.210282	-0.022838	69.910271	11.168122	210.000000	210.000000	0.000000	0.000000	0.000000	
397.000000	2173.271240	452.993805	1.126377	-0.022025	69.868271	10.262998	210.000000	210.000000	0.000000	0.000000	0.000000	
398.000000	2150.719238	455.573029	1.052622	-0.021566	69.766273	9.462615	210.000000	210.000000	0.000000	0.000000	0.000000	
399.000000	2128.908936	457.499756	1.147448	-0.024170	69.778275	10.239173	210.000000	210.000000	0.000000	0.000000	0.000000	
400.000000	2108.301758	459.425903	1.035507	-0.022074	69.736275	9.048583	210.000000	210.000000	0.000000	0.000000	0.000000	
