Time		H (m)		IAS (km/h)	G_vert 		G_horiz 	RPM 		AoA 		Hydro_m 	Hydro_b 	SAU 		Fors 		Trigger 
1.000000	4998.500000	0.000000	1.000000	-0.000000	50.000000	1.499990	210.000000	210.000000	0.000000	0.000000	0.000000	
2.000000	4995.925781	770.225830	0.121724	-0.224206	54.523998	-1.163765	210.000000	210.000000	0.000000	0.000000	0.000000	
3.000000	4988.296875	764.459167	0.889636	-0.230095	56.245998	2.223551	210.000000	210.000000	0.000000	0.000000	0.000000	
4.000000	4978.256348	759.859741	0.709424	-0.212087	59.624001	1.604371	210.000000	210.000000	0.000000	0.000000	0.000000	
5.000000	4965.720215	755.364929	1.056529	-0.163674	68.641998	3.249622	210.000000	210.000000	0.000000	0.000000	0.000000	
6.000000	4954.397949	752.552917	1.659411	-0.129004	73.099998	6.255477	210.000000	210.000000	0.000000	0.000000	0.000000	
7.000000	4948.107422	747.643250	1.583685	-0.116215	74.426003	5.969453	210.000000	210.000000	0.000000	0.000000	0.000000	
8.000000	4947.641602	743.253418	1.491399	-0.108825	74.893997	5.605412	210.000000	210.000000	0.000000	0.000000	0.000000	
9.000000	4951.823730	738.023010	1.452346	-0.104227	75.019997	5.484597	210.000000	210.000000	0.000000	0.000000	0.000000	
10.000000	4960.441406	732.563293	1.520412	-0.099775	75.092003	5.838682	210.000000	210.000000	0.000000	0.000000	0.000000	
11.000000	4971.430176	727.964478	-0.130418	-0.072877	75.103996	-2.343919	210.000000	210.000000	0.000000	0.000000	0.000000	
12.000000	4977.458984	724.176636	1.750346	-0.093160	75.115997	7.134023	210.000000	210.000000	0.000000	0.000000	0.000000	
13.000000	4986.107422	719.660278	0.554830	-0.082556	75.073997	1.142551	210.000000	210.000000	0.000000	0.000000	0.000000	
14.000000	4992.537109	715.933716	0.779937	-0.083972	75.085999	2.217443	210.000000	210.000000	0.000000	0.000000	0.000000	
15.000000	4996.760742	713.121643	0.602826	-0.079789	75.098000	1.323715	210.000000	210.000000	0.000000	0.000000	0.000000	
16.000000	4997.459961	710.464661	1.139459	-0.084271	75.169998	4.235953	210.000000	210.000000	0.000000	0.000000	0.000000	
17.000000	4998.543457	707.322632	0.931949	-0.081100	75.181999	3.200274	210.000000	210.000000	0.000000	0.000000	0.000000	
18.000000	4999.506348	704.487305	1.055564	-0.080817	75.194000	3.883017	210.000000	210.000000	0.000000	0.000000	0.000000	
19.000000	5000.660156	701.484985	0.998668	-0.079364	75.152000	3.638786	210.000000	210.000000	0.000000	0.000000	0.000000	
20.000000	5002.073242	698.449585	1.102008	-0.078835	75.164001	4.230744	210.000000	210.000000	0.000000	0.000000	0.000000	
21.000000	5004.110352	695.430603	0.887051	-0.075314	75.176003	3.100079	210.000000	210.000000	0.000000	0.000000	0.000000	
22.000000	5005.680176	692.839478	1.160296	-0.076888	75.134003	4.633896	210.000000	210.000000	0.000000	0.000000	0.000000	
23.000000	5007.955566	689.642944	0.958269	-0.073734	75.146004	3.573832	210.000000	210.000000	0.000000	0.000000	0.000000	
24.000000	5009.919434	686.809021	1.044710	-0.073173	75.157997	4.086829	210.000000	210.000000	0.000000	0.000000	0.000000	
25.000000	5011.636230	683.858948	0.996404	-0.071859	75.115997	3.861108	210.000000	210.000000	0.000000	0.000000	0.000000	
26.000000	5012.967285	681.148499	0.982291	-0.070419	75.127998	3.807932	210.000000	210.000000	0.000000	0.000000	0.000000	
27.000000	5013.622070	678.611328	0.864345	-0.067932	75.139999	3.141524	210.000000	210.000000	0.000000	0.000000	0.000000	
28.000000	5012.632324	676.628174	0.941571	-0.068169	75.098000	3.682692	210.000000	210.000000	0.000000	0.000000	0.000000	
29.000000	5011.024414	673.912170	1.203254	-0.067869	75.337997	5.202529	210.000000	210.000000	0.000000	0.000000	0.000000	
30.000000	5010.465820	671.417786	0.913110	-0.077240	73.526001	3.559157	210.000000	210.000000	0.000000	0.000000	0.000000	
31.000000	5009.175781	668.607239	1.004671	-0.096406	70.519997	4.120952	210.000000	210.000000	0.000000	0.000000	0.000000	
32.000000	5007.510254	665.896179	0.955890	-0.091777	70.987999	3.884836	210.000000	210.000000	0.000000	0.000000	0.000000	
33.000000	5005.325195	663.163757	1.021716	-0.087003	71.683998	4.359226	210.000000	210.000000	0.000000	0.000000	0.000000	
34.000000	5003.418457	660.082397	1.194510	-0.086125	71.870003	5.416975	210.000000	210.000000	0.000000	0.000000	0.000000	
35.000000	5002.912109	656.915039	1.006735	-0.082292	71.996002	4.354626	210.000000	210.000000	0.000000	0.000000	0.000000	
36.000000	5002.702637	653.985718	0.931346	-0.080129	72.008003	3.907921	210.000000	210.000000	0.000000	0.000000	0.000000	
37.000000	5001.855957	651.500488	0.748073	-0.076050	72.080002	2.759275	210.000000	210.000000	0.000000	0.000000	0.000000	
38.000000	4998.644043	649.666260	1.023293	-0.078511	72.092003	4.558734	210.000000	210.000000	0.000000	0.000000	0.000000	
39.000000	4995.097656	646.809021	1.087118	-0.079091	71.989998	5.001979	210.000000	210.000000	0.000000	0.000000	0.000000	
40.000000	4992.197266	644.445068	0.997560	-0.076532	72.061996	4.516210	210.000000	210.000000	0.000000	0.000000	0.000000	
41.000000	4989.345703	641.661438	1.179641	-0.077216	72.073997	5.667397	210.000000	210.000000	0.000000	0.000000	0.000000	
42.000000	4987.509766	639.215210	0.944986	-0.073621	72.085999	4.261779	210.000000	210.000000	0.000000	0.000000	0.000000	
43.000000	4985.400391	636.730957	1.069142	-0.074242	72.043999	5.069832	210.000000	210.000000	0.000000	0.000000	0.000000	
44.000000	4983.474609	634.128479	0.986880	-0.072274	72.056000	4.603184	210.000000	210.000000	0.000000	0.000000	0.000000	
45.000000	4981.396973	631.664795	1.020968	-0.071584	72.068001	4.857985	210.000000	210.000000	0.000000	0.000000	0.000000	
46.000000	4979.270020	629.193848	0.994182	-0.070602	72.026001	4.731474	210.000000	210.000000	0.000000	0.000000	0.000000	
47.000000	4976.952637	626.829590	0.996041	-0.069613	72.038002	4.783889	210.000000	210.000000	0.000000	0.000000	0.000000	
48.000000	4974.420898	624.489014	0.987495	-0.068548	72.050003	4.769638	210.000000	210.000000	0.000000	0.000000	0.000000	
49.000000	4971.642578	622.260864	0.966376	-0.067694	72.008003	4.665546	210.000000	210.000000	0.000000	0.000000	0.000000	
50.000000	4968.601074	619.919800	1.191833	-0.069032	72.019997	6.219672	210.000000	210.000000	0.000000	0.000000	0.000000	
51.000000	4966.815918	616.959961	1.068141	-0.066864	72.031998	5.475367	210.000000	210.000000	0.000000	0.000000	0.000000	
52.000000	4965.661621	614.631836	1.056683	-0.065893	71.989998	5.434838	210.000000	210.000000	0.000000	0.000000	0.000000	
53.000000	4964.691406	611.934265	1.011898	-0.064386	72.001999	5.186872	210.000000	210.000000	0.000000	0.000000	0.000000	
54.000000	4963.654297	609.549683	1.010582	-0.052310	73.723999	5.222938	210.000000	210.000000	0.000000	0.000000	0.000000	
55.000000	4962.456055	607.432739	1.012319	-0.044796	74.708000	5.274680	210.000000	210.000000	0.000000	0.000000	0.000000	
56.000000	4961.107422	605.535461	0.994864	-0.041360	75.061996	5.193460	210.000000	210.000000	0.000000	0.000000	0.000000	
57.000000	4959.490723	603.745789	1.001287	-0.039902	75.188004	5.271194	210.000000	210.000000	0.000000	0.000000	0.000000	
58.000000	4957.656738	602.040710	0.988009	-0.038612	75.260002	5.213799	210.000000	210.000000	0.000000	0.000000	0.000000	
59.000000	4955.544434	600.400452	0.980151	-0.037821	75.272003	5.148503	210.000000	210.000000	0.000000	0.000000	0.000000	
60.000000	4952.795898	599.180908	0.821572	-0.035026	75.283997	4.082399	210.000000	210.000000	0.000000	0.000000	0.000000	
Time		H (m)		IAS (km/h)	G_vert 		G_horiz 	RPM 		AoA 		Hydro_m 	Hydro_b 	SAU 		Fors 		Trigger 
61.000000	4948.479980	598.243164	0.954423	-0.036855	75.241997	5.048672	210.000000	210.000000	0.000000	0.000000	0.000000	
62.000000	4943.453613	597.163940	1.041694	-0.037433	75.253998	5.710517	210.000000	210.000000	0.000000	0.000000	0.000000	
63.000000	4938.646484	595.818481	1.040804	-0.031025	76.064003	5.700936	210.000000	210.000000	0.000000	0.000000	0.000000	
64.000000	4933.582031	594.993408	0.922694	-0.020633	77.162003	4.896313	210.000000	210.000000	0.000000	0.000000	0.000000	
65.000000	4927.278809	594.595764	0.997656	-0.018587	77.515999	5.423582	210.000000	210.000000	0.000000	0.000000	0.000000	
66.000000	4920.069336	594.303772	0.954237	-0.019632	77.300003	5.126607	210.000000	210.000000	0.000000	0.000000	0.000000	
67.000000	4911.856934	594.208740	0.973894	-0.021019	77.143997	5.263933	210.000000	210.000000	0.000000	0.000000	0.000000	
68.000000	4902.643066	594.203552	0.968290	-0.020791	77.155998	5.223806	210.000000	210.000000	0.000000	0.000000	0.000000	
69.000000	4892.556641	594.366699	0.969686	-0.021590	77.054001	5.229056	210.000000	210.000000	0.000000	0.000000	0.000000	
70.000000	4881.942871	594.615479	0.967669	-0.020971	77.125999	5.194491	210.000000	210.000000	0.000000	0.000000	0.000000	
71.000000	4870.602051	595.091003	0.791616	-0.032296	75.314003	3.924766	210.000000	210.000000	0.000000	0.000000	0.000000	
72.000000	4857.558594	595.459778	0.888891	-0.051642	72.704002	4.593902	210.000000	210.000000	0.000000	0.000000	0.000000	
73.000000	4843.314941	595.795288	0.840615	-0.041553	74.143997	4.348596	210.000000	210.000000	0.000000	0.000000	0.000000	
74.000000	4828.510742	595.556519	1.591334	-0.043105	74.839996	9.564487	210.000000	210.000000	0.000000	0.000000	0.000000	
75.000000	4817.275391	594.151062	0.755874	-0.033010	75.080002	3.747972	210.000000	210.000000	0.000000	0.000000	0.000000	
76.000000	4805.366699	594.354370	1.424913	-0.039474	75.152000	8.437334	210.000000	210.000000	0.000000	0.000000	0.000000	
77.000000	4795.902832	592.116150	1.229939	-0.037994	75.164001	7.180396	210.000000	210.000000	0.000000	0.000000	0.000000	
78.000000	4788.770508	590.968201	1.231370	-0.036934	75.176003	7.298069	210.000000	210.000000	0.000000	0.000000	0.000000	
79.000000	4784.066406	587.861755	1.510498	-0.038587	75.134003	9.293612	210.000000	210.000000	0.000000	0.000000	0.000000	
80.000000	4783.558594	584.792358	1.188883	-0.035046	75.146004	7.067171	210.000000	210.000000	0.000000	0.000000	0.000000	
81.000000	4784.869629	582.112549	1.149373	-0.033569	75.157997	6.846115	210.000000	210.000000	0.000000	0.000000	0.000000	
82.000000	4787.398438	579.463257	1.160879	-0.025544	76.141998	7.006700	210.000000	210.000000	0.000000	0.000000	0.000000	
83.000000	4791.199707	576.806213	1.137781	-0.008023	78.206001	6.906977	210.000000	210.000000	0.000000	0.000000	0.000000	
84.000000	4796.100098	574.338867	1.141562	-0.000469	79.015999	6.997485	210.000000	210.000000	0.000000	0.000000	0.000000	
85.000000	4802.051270	571.825623	1.128846	0.002999	79.316002	6.954855	210.000000	210.000000	0.000000	0.000000	0.000000	
86.000000	4808.986816	569.393738	1.035801	0.006941	79.556000	6.326426	210.000000	210.000000	0.000000	0.000000	0.000000	
87.000000	4816.277832	566.993408	1.121093	0.010672	80.024002	7.015948	210.000000	210.000000	0.000000	0.000000	0.000000	
88.000000	4823.952637	564.612305	1.031905	0.015098	80.323997	6.408010	210.000000	210.000000	0.000000	0.000000	0.000000	
89.000000	4831.722656	562.480652	1.001001	0.015161	80.222000	6.183435	210.000000	210.000000	0.000000	0.000000	0.000000	
90.000000	4839.194336	560.526917	0.848436	0.006121	78.865997	4.982180	210.000000	210.000000	0.000000	0.000000	0.000000	
91.000000	4845.034668	559.124268	0.763482	0.002873	78.253998	4.392581	210.000000	210.000000	0.000000	0.000000	0.000000	
92.000000	4848.964355	557.713745	0.999152	-0.002309	78.038002	6.265913	210.000000	210.000000	0.000000	0.000000	0.000000	
93.000000	4852.333496	556.139221	0.664885	0.002968	77.935997	3.546817	210.000000	210.000000	0.000000	0.000000	0.000000	
94.000000	4852.537109	556.011475	0.739731	0.001357	77.893997	4.325330	210.000000	210.000000	0.000000	0.000000	0.000000	
95.000000	4850.547363	554.691711	1.223253	-0.005497	77.905998	8.121607	210.000000	210.000000	0.000000	0.000000	0.000000	
96.000000	4849.389648	553.508545	0.856625	0.000016	77.917999	5.319082	210.000000	210.000000	0.000000	0.000000	0.000000	
97.000000	4846.933594	552.627441	1.181560	-0.004460	77.875999	7.904870	210.000000	210.000000	0.000000	0.000000	0.000000	
98.000000	4844.720703	551.095825	1.045699	-0.002452	77.888000	6.868422	210.000000	210.000000	0.000000	0.000000	0.000000	
99.000000	4842.137695	550.330200	0.957081	-0.000667	77.900002	6.166759	210.000000	210.000000	0.000000	0.000000	0.000000	
100.000000	4838.767578	549.658752	1.018223	-0.001701	77.858002	6.665494	210.000000	210.000000	0.000000	0.000000	0.000000	
101.000000	4835.358398	548.952087	0.982386	-0.000887	77.870003	6.394860	210.000000	210.000000	0.000000	0.000000	0.000000	
102.000000	4831.739746	548.293884	1.064109	-0.001703	77.882004	7.098259	210.000000	210.000000	0.000000	0.000000	0.000000	
103.000000	4828.496094	547.271118	1.106461	-0.001437	77.954002	7.446682	210.000000	210.000000	0.000000	0.000000	0.000000	
104.000000	4825.652344	546.404236	0.947985	0.001243	77.966003	6.205239	210.000000	210.000000	0.000000	0.000000	0.000000	
105.000000	4821.881348	545.589783	1.224522	-0.001946	77.977997	8.487823	210.000000	210.000000	0.000000	0.000000	0.000000	
106.000000	4818.447754	544.055969	1.072312	0.000592	78.050003	7.256491	210.000000	210.000000	0.000000	0.000000	0.000000	
107.000000	4814.713379	543.728760	0.893144	0.010300	78.860001	5.821301	210.000000	210.000000	0.000000	0.000000	0.000000	
108.000000	4810.165527	543.579102	1.078514	0.017545	80.012001	7.319504	210.000000	210.000000	0.000000	0.000000	0.000000	
109.000000	4806.089844	543.476746	1.014085	0.026360	80.882004	6.826319	210.000000	210.000000	0.000000	0.000000	0.000000	
110.000000	4802.254883	543.501587	1.059541	0.029069	81.236000	7.188938	210.000000	210.000000	0.000000	0.000000	0.000000	
111.000000	4798.911133	543.422485	1.038123	0.030576	81.362000	7.018686	210.000000	210.000000	0.000000	0.000000	0.000000	
112.000000	4795.974609	543.366028	1.041415	0.030192	81.320000	7.045929	210.000000	210.000000	0.000000	0.000000	0.000000	
113.000000	4793.397949	543.222900	1.046383	0.030275	81.332001	7.090260	210.000000	210.000000	0.000000	0.000000	0.000000	
114.000000	4791.230957	543.017944	1.035803	0.030609	81.344002	7.002450	210.000000	210.000000	0.000000	0.000000	0.000000	
115.000000	4789.359863	542.849487	1.017899	0.035984	81.872002	6.861595	210.000000	210.000000	0.000000	0.000000	0.000000	
116.000000	4787.630859	542.944031	1.028260	0.048456	83.138000	6.939930	210.000000	210.000000	0.000000	0.000000	0.000000	
117.000000	4786.090820	543.238953	1.020385	0.053373	83.606003	6.867994	210.000000	210.000000	0.000000	0.000000	0.000000	
118.000000	4784.701172	543.612305	1.027334	0.055179	83.792000	6.913962	210.000000	210.000000	0.000000	0.000000	0.000000	
119.000000	4783.473633	543.959656	1.052341	0.054899	83.804001	7.142684	210.000000	210.000000	0.000000	0.000000	0.000000	
120.000000	4782.802246	543.874329	1.149257	0.053722	83.816002	7.917479	210.000000	210.000000	0.000000	0.000000	0.000000	
Time		H (m)		IAS (km/h)	G_vert 		G_horiz 	RPM 		AoA 		Hydro_m 	Hydro_b 	SAU 		Fors 		Trigger 
121.000000	4783.296875	543.606689	1.075593	0.055466	83.888000	7.336697	210.000000	210.000000	0.000000	0.000000	0.000000	
122.000000	4784.545898	543.401733	1.029426	0.055143	83.786003	6.954535	210.000000	210.000000	0.000000	0.000000	0.000000	
123.000000	4786.268555	542.950317	1.294356	0.052284	83.797997	9.149430	210.000000	210.000000	0.000000	0.000000	0.000000	
124.000000	4789.480469	541.423584	1.182588	0.054211	83.870003	8.217377	210.000000	210.000000	0.000000	0.000000	0.000000	
125.000000	4793.069824	541.010925	0.872191	0.058972	83.882004	5.728459	210.000000	210.000000	0.000000	0.000000	0.000000	
126.000000	4795.525391	540.891968	1.118077	0.055483	83.893997	7.724381	210.000000	210.000000	0.000000	0.000000	0.000000	
127.000000	4798.427246	540.313782	1.011087	0.056461	83.851997	6.892863	210.000000	210.000000	0.000000	0.000000	0.000000	
128.000000	4801.623535	539.910950	1.076486	0.055789	83.863998	7.440620	210.000000	210.000000	0.000000	0.000000	0.000000	
129.000000	4805.471191	539.144165	1.050468	0.056281	83.875999	7.239248	210.000000	210.000000	0.000000	0.000000	0.000000	
130.000000	4809.811523	538.569336	1.019201	0.056437	83.834000	7.001100	210.000000	210.000000	0.000000	0.000000	0.000000	
131.000000	4814.446289	537.814575	1.060217	0.056035	83.846001	7.354622	210.000000	210.000000	0.000000	0.000000	0.000000	
132.000000	4819.590332	537.020264	1.018125	0.056861	83.858002	7.033607	210.000000	210.000000	0.000000	0.000000	0.000000	
133.000000	4824.962891	536.300659	1.038442	0.056234	83.816002	7.222532	210.000000	210.000000	0.000000	0.000000	0.000000	
134.000000	4830.634277	535.583374	0.924665	0.067884	84.739998	6.264660	210.000000	210.000000	0.000000	0.000000	0.000000	
135.000000	4835.764648	535.615051	0.943715	0.075303	85.435997	6.420850	210.000000	210.000000	0.000000	0.000000	0.000000	
136.000000	4840.330566	535.685608	0.971415	0.078125	85.736000	6.647561	210.000000	210.000000	0.000000	0.000000	0.000000	
137.000000	4844.608887	535.951050	0.932569	0.078811	85.748001	6.319530	210.000000	210.000000	0.000000	0.000000	0.000000	
138.000000	4848.329102	536.335815	0.963074	0.079668	85.874001	6.560960	210.000000	210.000000	0.000000	0.000000	0.000000	
139.000000	4851.618652	536.796204	0.918404	0.079782	85.832001	6.168274	210.000000	210.000000	0.000000	0.000000	0.000000	
140.000000	4854.237793	537.468933	0.977010	0.078914	85.844002	6.660533	210.000000	210.000000	0.000000	0.000000	0.000000	
141.000000	4856.625000	537.834045	1.014239	0.078313	85.856003	6.955111	210.000000	210.000000	0.000000	0.000000	0.000000	
142.000000	4859.081543	538.341797	0.961907	0.078557	85.814003	6.514406	210.000000	210.000000	0.000000	0.000000	0.000000	
143.000000	4861.311035	538.812805	1.000937	0.077997	85.825996	6.814935	210.000000	210.000000	0.000000	0.000000	0.000000	
144.000000	4863.496094	539.323608	0.974005	0.078425	85.837997	6.581529	210.000000	210.000000	0.000000	0.000000	0.000000	
145.000000	4865.492676	539.913330	0.988807	0.078928	85.910004	6.686027	210.000000	210.000000	0.000000	0.000000	0.000000	
146.000000	4867.395020	540.472656	0.988458	0.077647	85.807999	6.669016	210.000000	210.000000	0.000000	0.000000	0.000000	
147.000000	4869.217773	541.048706	1.012683	0.077328	85.820000	6.870649	210.000000	210.000000	0.000000	0.000000	0.000000	
148.000000	4871.216797	541.386353	1.055874	0.077421	85.891998	7.209180	210.000000	210.000000	0.000000	0.000000	0.000000	
149.000000	4873.590820	541.886292	0.866397	0.080369	85.903999	5.606550	210.000000	210.000000	0.000000	0.000000	0.000000	
150.000000	4875.031250	542.885498	1.023661	0.076742	85.802002	6.902532	210.000000	210.000000	0.000000	0.000000	0.000000	
151.000000	4876.562012	543.082275	1.076424	0.076546	85.874001	7.320174	210.000000	210.000000	0.000000	0.000000	0.000000	
152.000000	4878.742188	543.567078	0.978796	0.078048	85.886002	6.527236	210.000000	210.000000	0.000000	0.000000	0.000000	
153.000000	4880.943848	543.886108	1.074484	0.076725	85.898003	7.271521	210.000000	210.000000	0.000000	0.000000	0.000000	
154.000000	4883.502441	544.350647	0.771179	0.080834	85.856003	4.750630	210.000000	210.000000	0.000000	0.000000	0.000000	
155.000000	4884.485352	545.700378	0.982009	0.081383	86.209999	6.449294	210.000000	210.000000	0.000000	0.000000	0.000000	
156.000000	4884.969727	546.710938	0.935978	0.096711	87.475998	6.026291	210.000000	210.000000	0.000000	0.000000	0.000000	
157.000000	4884.859863	548.721619	0.901952	0.103564	88.003998	5.743435	210.000000	210.000000	0.000000	0.000000	0.000000	
158.000000	4883.971191	550.426025	1.061296	0.103742	88.244003	6.986204	210.000000	210.000000	0.000000	0.000000	0.000000	
159.000000	4883.562500	552.268433	1.018557	0.128145	90.080002	6.583657	210.000000	210.000000	0.000000	1.000000	0.000000	
160.000000	4883.391602	554.850464	1.078949	0.162090	91.292000	7.031547	210.000000	210.000000	0.000000	1.000000	0.000000	
161.000000	4884.047363	557.528809	1.130787	0.160856	91.760002	7.353492	210.000000	210.000000	0.000000	1.000000	0.000000	
162.000000	4885.926270	560.084412	1.134918	0.160389	91.886002	7.301037	210.000000	210.000000	0.000000	1.000000	0.000000	
163.000000	4888.848633	562.282654	1.060521	0.160812	91.958000	6.666770	210.000000	210.000000	0.000000	1.000000	0.000000	
164.000000	4892.526367	564.743286	1.095330	0.159921	91.970001	6.860239	210.000000	210.000000	0.000000	1.000000	0.000000	
165.000000	4897.127441	566.994873	1.051915	0.159946	91.982002	6.465627	210.000000	210.000000	0.000000	1.000000	0.000000	
166.000000	4902.368164	569.281006	1.065919	0.159331	92.054001	6.514002	210.000000	210.000000	0.000000	1.000000	0.000000	
167.000000	4908.299316	571.403259	1.012531	0.159448	92.066002	6.069044	210.000000	210.000000	0.000000	1.000000	0.000000	
168.000000	4914.695801	573.519531	1.098225	0.157935	91.963997	6.637587	210.000000	210.000000	0.000000	1.000000	0.000000	
169.000000	4921.922852	575.318420	1.060467	0.157867	92.036003	6.327186	210.000000	210.000000	0.000000	1.000000	0.000000	
170.000000	4930.006836	577.015991	1.113539	0.156848	92.047997	6.601223	210.000000	210.000000	0.000000	1.000000	0.000000	
171.000000	4938.682617	579.033203	0.783410	0.160786	92.059998	4.228818	210.000000	210.000000	0.000000	1.000000	0.000000	
172.000000	4946.495605	580.858032	1.340292	0.153806	92.017998	8.186507	210.000000	210.000000	0.000000	1.000000	0.000000	
173.000000	4956.586426	581.538635	1.007252	0.156578	92.029999	5.767750	210.000000	210.000000	0.000000	1.000000	0.000000	
174.000000	4967.294434	583.194153	1.035302	0.155959	92.042000	5.932462	210.000000	210.000000	0.000000	1.000000	0.000000	
175.000000	4978.339355	584.331787	1.095402	0.154646	92.000000	6.341211	210.000000	210.000000	0.000000	1.000000	0.000000	
176.000000	4990.392578	585.503906	0.974673	0.155738	92.012001	5.427692	210.000000	210.000000	0.000000	1.000000	0.000000	
177.000000	5002.472168	586.875122	1.013610	0.154806	92.024002	5.674212	210.000000	210.000000	0.000000	1.000000	0.000000	
178.000000	5014.644043	588.059937	1.017057	0.154278	91.982002	5.673139	210.000000	210.000000	0.000000	1.000000	0.000000	
179.000000	5027.149902	589.274536	1.010553	0.153942	91.994003	5.602931	210.000000	210.000000	0.000000	1.000000	0.000000	
180.000000	5039.874512	590.391357	1.012860	0.153477	92.005997	5.568511	210.000000	210.000000	0.000000	1.000000	0.000000	
Time		H (m)		IAS (km/h)	G_vert 		G_horiz 	RPM 		AoA 		Hydro_m 	Hydro_b 	SAU 		Fors 		Trigger 
181.000000	5052.575195	591.704712	0.919543	0.154262	91.963997	4.891287	210.000000	210.000000	0.000000	1.000000	0.000000	
182.000000	5064.751953	593.113159	0.982318	0.152947	91.975998	5.292355	210.000000	210.000000	0.000000	1.000000	0.000000	
183.000000	5076.379395	594.480835	0.841738	0.154371	91.987999	4.249456	210.000000	210.000000	0.000000	1.000000	0.000000	
184.000000	5086.265137	596.575745	0.870877	0.153442	92.059998	4.421715	210.000000	210.000000	0.000000	1.000000	0.000000	
185.000000	5094.460449	598.720886	0.925124	0.152005	92.071999	4.770251	210.000000	210.000000	0.000000	1.000000	0.000000	
186.000000	5101.338867	601.034302	0.938355	0.151143	91.970001	4.893239	210.000000	210.000000	0.000000	1.000000	0.000000	
187.000000	5107.534180	602.921936	1.273847	0.147253	92.042000	7.150487	210.000000	210.000000	0.000000	1.000000	0.000000	
188.000000	5115.383301	603.908020	1.255163	0.146946	92.054001	7.017914	210.000000	210.000000	0.000000	1.000000	0.000000	
189.000000	5124.693359	604.738403	1.302461	0.146378	92.066002	7.295442	210.000000	210.000000	0.000000	1.000000	0.000000	
190.000000	5135.179688	605.431641	1.144514	0.147256	92.024002	6.212707	210.000000	210.000000	0.000000	1.000000	0.000000	
191.000000	5145.966309	606.405762	1.210182	0.146417	92.036003	6.653846	210.000000	210.000000	0.000000	1.000000	0.000000	
192.000000	5156.968750	606.803162	1.232039	0.115099	90.452003	6.731434	210.000000	210.000000	0.000000	0.000000	0.000000	
193.000000	5168.053223	606.606506	1.085599	0.086535	88.244003	5.830572	210.000000	210.000000	0.000000	0.000000	0.000000	
194.000000	5179.095215	605.318970	1.397039	0.074262	87.458000	7.900542	210.000000	210.000000	0.000000	0.000000	0.000000	
195.000000	5191.333984	603.856689	0.981306	0.073870	87.127998	5.141321	210.000000	210.000000	0.000000	0.000000	0.000000	
196.000000	5202.752930	602.888855	1.231396	0.071147	87.085999	6.839680	210.000000	210.000000	0.000000	0.000000	0.000000	
197.000000	5214.466797	601.468689	1.107720	0.071081	86.984001	6.044241	210.000000	210.000000	0.000000	0.000000	0.000000	
198.000000	5226.049805	600.373901	1.149111	0.071103	86.996002	6.348247	210.000000	210.000000	0.000000	0.000000	0.000000	
199.000000	5237.532227	599.087952	1.139925	0.072203	87.068001	6.315886	210.000000	210.000000	0.000000	0.000000	0.000000	
200.000000	5249.107422	597.930359	1.125155	0.072707	87.080002	6.242741	210.000000	210.000000	0.000000	0.000000	0.000000	
201.000000	5260.633301	596.736267	1.131534	0.071556	86.977997	6.310425	210.000000	210.000000	0.000000	0.000000	0.000000	
202.000000	5272.184570	595.589050	1.096561	0.073028	87.050003	6.080183	210.000000	210.000000	0.000000	0.000000	0.000000	
203.000000	5283.866211	594.709351	0.856411	0.076160	87.061996	4.362966	210.000000	210.000000	0.000000	0.000000	0.000000	
204.000000	5294.345703	594.571777	1.076630	0.073822	87.073997	5.963982	210.000000	210.000000	0.000000	0.000000	0.000000	
205.000000	5305.106934	593.408569	0.993282	0.073928	87.031998	5.422796	210.000000	210.000000	0.000000	0.000000	0.000000	
206.000000	5316.331055	592.796814	1.102454	0.073287	87.043999	6.193196	210.000000	210.000000	0.000000	0.000000	0.000000	
207.000000	5328.198730	591.488647	1.071732	0.073697	87.056000	5.999242	210.000000	210.000000	0.000000	0.000000	0.000000	
208.000000	5340.451172	590.656250	0.911836	0.075300	87.014000	4.865636	210.000000	210.000000	0.000000	0.000000	0.000000	
209.000000	5351.984863	589.998901	0.996024	0.074437	87.026001	5.460908	210.000000	210.000000	0.000000	0.000000	0.000000	
210.000000	5363.166504	589.418152	0.906420	0.075702	87.038002	4.847769	210.000000	210.000000	0.000000	0.000000	0.000000	
211.000000	5373.657715	588.854980	1.155633	0.072586	86.996002	6.687539	210.000000	210.000000	0.000000	0.000000	0.000000	
212.000000	5385.294922	587.301453	1.115025	0.073021	87.008003	6.429949	210.000000	210.000000	0.000000	0.000000	0.000000	
213.000000	5397.879395	586.194824	1.091015	0.073780	87.019997	6.289648	210.000000	210.000000	0.000000	0.000000	0.000000	
214.000000	5410.970215	584.787659	1.152664	0.074179	87.092003	6.757928	210.000000	210.000000	0.000000	0.000000	0.000000	
215.000000	5425.083496	583.313843	1.026230	0.075845	87.103996	5.890870	210.000000	210.000000	0.000000	0.000000	0.000000	
216.000000	5439.334961	581.840759	1.177957	0.074822	87.115997	7.061692	210.000000	210.000000	0.000000	0.000000	0.000000	
217.000000	5454.298340	579.706848	1.133522	0.074895	87.073997	6.739201	210.000000	210.000000	0.000000	0.000000	0.000000	
218.000000	5469.657715	578.238098	1.005177	0.076789	87.085999	5.854388	210.000000	210.000000	0.000000	0.000000	0.000000	
219.000000	5484.517578	576.757202	0.987180	0.077201	87.098000	5.741828	210.000000	210.000000	0.000000	0.000000	0.000000	
220.000000	5498.878906	575.480591	1.085790	0.075915	87.056000	6.499979	210.000000	210.000000	0.000000	0.000000	0.000000	
221.000000	5513.543945	573.828674	1.067833	0.076349	87.068001	6.411616	210.000000	210.000000	0.000000	0.000000	0.000000	
222.000000	5528.520508	572.343628	1.039589	0.077060	87.080002	6.241181	210.000000	210.000000	0.000000	0.000000	0.000000	
223.000000	5543.516602	570.750854	1.068752	0.076431	87.038002	6.494679	210.000000	210.000000	0.000000	0.000000	0.000000	
224.000000	5558.901367	569.319275	1.034236	0.077163	87.050003	6.279176	210.000000	210.000000	0.000000	0.000000	0.000000	
225.000000	5574.408203	567.719971	1.049376	0.077355	87.061996	6.431265	210.000000	210.000000	0.000000	0.000000	0.000000	
226.000000	5590.018555	566.083557	1.033859	0.078578	87.134003	6.356117	210.000000	210.000000	0.000000	0.000000	0.000000	
227.000000	5605.852539	564.465088	1.023524	0.077703	87.031998	6.309834	210.000000	210.000000	0.000000	0.000000	0.000000	
228.000000	5621.635254	563.052795	0.850368	0.080201	87.043999	4.978983	210.000000	210.000000	0.000000	0.000000	0.000000	
229.000000	5636.077148	562.286316	0.787653	0.082096	87.115997	4.474824	210.000000	210.000000	0.000000	0.000000	0.000000	
230.000000	5648.664551	561.854309	0.825450	0.081642	87.127998	4.771824	210.000000	210.000000	0.000000	0.000000	0.000000	
231.000000	5659.476563	561.673279	0.800693	0.082046	87.139999	4.586056	210.000000	210.000000	0.000000	0.000000	0.000000	
232.000000	5668.347168	561.834351	0.808857	0.081306	87.098000	4.644945	210.000000	210.000000	0.000000	0.000000	0.000000	
233.000000	5675.395020	562.266968	0.807129	0.081271	87.110001	4.624736	210.000000	210.000000	0.000000	0.000000	0.000000	
234.000000	5680.571289	562.896667	0.879973	0.080148	87.122002	5.229114	210.000000	210.000000	0.000000	0.000000	0.000000	
235.000000	5684.564941	563.405396	0.954569	0.078423	87.080002	5.808892	210.000000	210.000000	0.000000	0.000000	0.000000	
236.000000	5688.202148	563.805054	1.104433	0.076876	87.092003	6.971088	210.000000	210.000000	0.000000	0.000000	0.000000	
237.000000	5692.549805	563.645508	1.079620	0.077073	87.103996	6.772990	210.000000	210.000000	0.000000	0.000000	0.000000	
238.000000	5697.509277	563.776550	0.983134	0.077631	87.061996	6.027592	210.000000	210.000000	0.000000	0.000000	0.000000	
239.000000	5702.279297	564.095276	0.926946	0.078361	87.073997	5.563040	210.000000	210.000000	0.000000	0.000000	0.000000	
240.000000	5706.188477	564.518860	1.073661	0.076768	87.085999	6.717177	210.000000	210.000000	0.000000	0.000000	0.000000	
Time		H (m)		IAS (km/h)	G_vert 		G_horiz 	RPM 		AoA 		Hydro_m 	Hydro_b 	SAU 		Fors 		Trigger 
241.000000	5709.586426	564.583984	1.033705	0.077787	87.157997	6.384427	210.000000	210.000000	0.000000	0.000000	0.000000	
242.000000	5712.198242	565.259155	0.970755	0.077256	87.056000	5.899191	210.000000	210.000000	0.000000	0.000000	0.000000	
243.000000	5713.918457	565.807556	1.066237	0.076120	87.068001	6.604155	210.000000	210.000000	0.000000	0.000000	0.000000	
244.000000	5715.487793	566.439514	0.909324	0.078576	87.139999	5.354152	210.000000	210.000000	0.000000	0.000000	0.000000	
245.000000	5715.926758	567.691345	0.908100	0.078495	87.152000	5.364078	210.000000	210.000000	0.000000	0.000000	0.000000	
246.000000	5715.509766	568.563599	1.171779	0.075639	87.164001	7.337972	210.000000	210.000000	0.000000	0.000000	0.000000	
247.000000	5715.968262	569.059753	1.012454	0.076413	87.122002	6.136547	210.000000	210.000000	0.000000	0.000000	0.000000	
248.000000	5716.596191	569.849060	1.078942	0.075788	87.134003	6.611748	210.000000	210.000000	0.000000	0.000000	0.000000	
249.000000	5717.719238	570.305115	1.077862	0.075721	87.146004	6.594184	210.000000	210.000000	0.000000	0.000000	0.000000	
250.000000	5719.446289	570.826172	1.021181	0.075684	87.103996	6.143564	210.000000	210.000000	0.000000	0.000000	0.000000	
251.000000	5721.398926	571.409180	1.029581	0.075595	87.115997	6.186467	210.000000	210.000000	0.000000	0.000000	0.000000	
252.000000	5723.620117	571.924927	1.021276	0.075659	87.127998	6.109467	210.000000	210.000000	0.000000	0.000000	0.000000	
253.000000	5726.022949	572.452271	1.011791	0.075118	87.085999	6.027444	210.000000	210.000000	0.000000	0.000000	0.000000	
254.000000	5728.463379	572.920349	0.957729	0.075671	87.098000	5.514275	210.000000	210.000000	0.000000	0.000000	0.000000	
255.000000	5729.888184	574.184753	0.734261	0.078585	87.110001	3.911371	210.000000	210.000000	0.000000	0.000000	0.000000	
256.000000	5729.404297	575.367126	1.128860	0.073037	87.068001	6.781758	210.000000	210.000000	0.000000	0.000000	0.000000	
257.000000	5729.270508	576.264465	0.882608	0.075501	87.080002	5.004498	210.000000	210.000000	0.000000	0.000000	0.000000	
258.000000	5728.625488	577.307251	1.155858	0.072640	87.092003	6.991339	210.000000	210.000000	0.000000	0.000000	0.000000	
259.000000	5729.134766	577.641296	1.094297	0.073752	87.164001	6.518821	210.000000	210.000000	0.000000	0.000000	0.000000	
260.000000	5730.498535	578.390991	0.878011	0.074814	87.061996	4.878086	210.000000	210.000000	0.000000	0.000000	0.000000	
261.000000	5731.044922	579.533630	0.972628	0.073611	87.073997	5.542714	210.000000	210.000000	0.000000	0.000000	0.000000	
262.000000	5731.162109	580.508972	0.954141	0.074312	87.146004	5.409139	210.000000	210.000000	0.000000	0.000000	0.000000	
263.000000	5731.021484	581.507690	1.049589	0.073246	87.157997	6.081840	210.000000	210.000000	0.000000	0.000000	0.000000	
264.000000	5731.184570	582.178101	1.017563	0.072081	87.056000	5.834814	210.000000	210.000000	0.000000	0.000000	0.000000	
265.000000	5731.574707	583.041382	1.020749	0.072738	87.127998	5.832963	210.000000	210.000000	0.000000	0.000000	0.000000	
266.000000	5732.137695	583.789063	1.070413	0.072194	87.139999	6.202637	210.000000	210.000000	0.000000	0.000000	0.000000	
267.000000	5733.366699	584.190125	1.125005	0.071686	87.152000	6.569194	210.000000	210.000000	0.000000	0.000000	0.000000	
268.000000	5735.424805	584.616333	0.954869	0.072714	87.110001	5.288784	210.000000	210.000000	0.000000	0.000000	0.000000	
269.000000	5736.936035	585.656250	0.896304	0.073379	87.122002	4.903952	210.000000	210.000000	0.000000	0.000000	0.000000	
270.000000	5737.910645	586.199951	1.167409	0.070540	87.134003	6.820587	210.000000	210.000000	0.000000	0.000000	0.000000	
271.000000	5740.090332	586.513062	1.033019	0.071115	87.092003	5.877035	210.000000	210.000000	0.000000	0.000000	0.000000	
272.000000	5742.951660	586.667908	1.209746	0.069803	87.103996	7.166026	210.000000	210.000000	0.000000	0.000000	0.000000	
273.000000	5747.407227	586.509949	0.892409	0.072780	87.115997	4.829004	210.000000	210.000000	0.000000	0.000000	0.000000	
274.000000	5751.400879	587.122009	0.977811	0.071342	87.073997	5.419626	210.000000	210.000000	0.000000	0.000000	1.000000	
275.000000	5755.016602	587.358215	1.084194	0.070190	87.085999	6.206234	210.000000	210.000000	0.000000	0.000000	1.000000	
276.000000	5759.100586	587.420471	1.042485	0.070622	87.098000	5.900209	210.000000	210.000000	0.000000	0.000000	0.000000	
277.000000	5763.370117	587.560303	1.078153	0.071120	87.169998	6.160596	210.000000	210.000000	0.000000	0.000000	0.000000	
278.000000	5768.213867	587.442688	1.086129	0.069762	87.068001	6.200511	210.000000	210.000000	0.000000	0.000000	1.000000	
279.000000	5773.661133	587.445190	1.010997	0.070597	87.080002	5.692163	210.000000	210.000000	0.000000	0.000000	1.000000	
280.000000	5779.365234	587.287659	1.019370	0.071232	87.152000	5.711998	210.000000	210.000000	0.000000	0.000000	0.000000	
281.000000	5785.177734	587.495239	0.930476	0.072356	87.164001	5.081467	210.000000	210.000000	0.000000	0.000000	0.000000	
282.000000	5790.504883	587.599731	1.024929	0.071330	87.176003	5.746236	210.000000	210.000000	0.000000	0.000000	0.000000	
283.000000	5795.877930	587.737732	0.951988	0.071512	87.134003	5.229466	210.000000	210.000000	0.000000	0.000000	0.000000	
284.000000	5800.981934	587.921326	1.000306	0.071034	87.146004	5.566243	210.000000	210.000000	0.000000	0.000000	0.000000	
285.000000	5806.018066	588.079712	0.974835	0.071320	87.157997	5.383687	210.000000	210.000000	0.000000	0.000000	0.000000	
286.000000	5810.852051	588.309875	0.978117	0.070679	87.115997	5.379125	210.000000	210.000000	0.000000	0.000000	0.000000	
287.000000	5815.478027	588.552185	1.044232	0.070095	87.127998	5.859228	210.000000	210.000000	0.000000	0.000000	1.000000	
288.000000	5820.154297	588.585449	1.087037	0.069725	87.139999	6.224827	210.000000	210.000000	0.000000	0.000000	1.000000	
289.000000	5825.263672	588.231445	1.185640	0.068473	87.098000	6.864160	210.000000	210.000000	0.000000	0.000000	0.000000	
290.000000	5830.721191	588.242859	0.877356	0.071528	87.110001	4.731162	210.000000	210.000000	0.000000	0.000000	0.000000	
291.000000	5834.833008	588.378967	1.209437	0.068602	87.122002	7.080912	210.000000	210.000000	0.000000	0.000000	0.000000	
292.000000	5839.167969	588.037476	1.082556	0.068898	87.080002	6.202489	210.000000	210.000000	0.000000	0.000000	0.000000	
293.000000	5843.609863	588.010498	1.123543	0.068790	87.092003	6.465769	210.000000	210.000000	0.000000	0.000000	0.000000	
294.000000	5848.221191	587.998474	0.812882	0.072082	87.103996	4.137563	210.000000	210.000000	0.000000	0.000000	0.000000	
295.000000	5850.840820	589.234741	0.736694	0.073861	87.176003	3.623060	210.000000	210.000000	0.000000	0.000000	1.000000	
296.000000	5851.059570	590.335022	1.003819	0.070254	87.188004	5.503402	210.000000	210.000000	0.000000	0.000000	0.000000	
297.000000	5850.695801	591.495972	0.838317	0.070621	87.085999	4.335361	210.000000	210.000000	0.000000	0.000000	0.000000	
298.000000	5849.125488	592.762634	1.098375	0.068470	87.157997	6.155985	210.000000	210.000000	0.000000	0.000000	0.000000	
299.000000	5847.893555	593.601013	1.010281	0.069063	87.169998	5.544224	210.000000	210.000000	0.000000	0.000000	1.000000	
300.000000	5846.962891	594.519165	1.093857	0.069015	87.181999	6.029411	210.000000	210.000000	0.000000	0.000000	1.000000	
Time		H (m)		IAS (km/h)	G_vert 		G_horiz 	RPM 		AoA 		Hydro_m 	Hydro_b 	SAU 		Fors 		Trigger 
301.000000	5846.775391	595.172424	1.117363	0.068138	87.139999	6.214933	210.000000	210.000000	0.000000	0.000000	1.000000	
302.000000	5847.712402	595.410889	1.196969	0.067596	87.152000	6.751458	210.000000	210.000000	0.000000	0.000000	0.000000	
303.000000	5850.164063	595.427124	1.167572	0.067934	87.164001	6.583138	210.000000	210.000000	0.000000	0.000000	0.000000	
304.000000	5854.124023	594.885437	1.330806	0.066641	87.122002	7.679486	210.000000	210.000000	0.000000	0.000000	0.000000	
305.000000	5860.314941	594.248718	1.071352	0.068424	87.134003	5.920041	210.000000	210.000000	0.000000	0.000000	0.000000	
306.000000	5867.506348	593.766663	1.209542	0.067739	87.146004	6.904604	210.000000	210.000000	0.000000	0.000000	0.000000	
307.000000	5876.525879	592.485596	1.261843	0.067045	87.103996	7.307905	210.000000	210.000000	0.000000	0.000000	0.000000	
308.000000	5887.883789	591.242188	0.769403	0.072036	87.115997	3.794332	210.000000	210.000000	0.000000	0.000000	0.000000	
309.000000	5898.098145	591.107300	1.015678	0.069580	87.127998	5.459966	210.000000	210.000000	0.000000	0.000000	0.000000	
310.000000	5906.895020	591.071899	0.488785	0.076170	87.085999	1.807123	210.000000	210.000000	0.000000	0.000000	0.000000	
311.000000	5910.773926	592.172058	0.891668	0.070374	87.098000	4.519517	210.000000	210.000000	0.000000	0.000000	0.000000	
312.000000	5908.315430	594.061279	0.551743	0.074826	87.110001	2.216966	210.000000	210.000000	0.000000	0.000000	0.000000	
313.000000	5896.009277	596.970276	1.142708	0.067962	87.181999	6.127139	210.000000	210.000000	0.000000	0.000000	0.000000	
314.000000	5870.757324	602.349487	0.429749	0.076525	87.194000	1.232912	210.000000	210.000000	0.000000	0.000000	1.000000	
315.000000	5831.871094	609.013977	0.704508	0.069552	87.092003	2.848830	210.000000	210.000000	0.000000	0.000000	1.000000	
316.000000	5777.767090	618.516602	0.944920	0.066415	87.164001	4.310539	210.000000	210.000000	0.000000	0.000000	0.000000	
317.000000	5706.299316	630.050598	0.841436	0.064902	87.176003	3.580647	210.000000	210.000000	0.000000	0.000000	0.000000	
318.000000	5623.327148	642.783447	1.416962	0.056578	87.073997	6.943742	210.000000	210.000000	0.000000	0.000000	0.000000	
319.000000	5534.522461	655.411926	1.355622	0.054470	87.146004	6.283446	210.000000	210.000000	0.000000	0.000000	0.000000	
320.000000	5441.007813	668.984558	1.409446	0.049916	87.043999	6.343041	210.000000	210.000000	0.000000	0.000000	0.000000	
321.000000	5346.514160	681.807434	1.609086	0.046426	87.056000	7.128026	210.000000	210.000000	0.000000	0.000000	0.000000	
322.000000	5255.325195	694.612549	1.486276	0.042737	87.014000	6.230361	210.000000	210.000000	0.000000	0.000000	0.000000	
323.000000	5167.638672	706.351257	1.669088	0.039698	87.026001	6.918381	210.000000	210.000000	0.000000	0.000000	0.000000	
324.000000	5085.537109	716.997803	1.797676	0.036735	87.038002	7.374510	210.000000	210.000000	0.000000	0.000000	0.000000	
325.000000	5010.608398	725.143799	1.883056	0.032366	86.996002	7.584539	210.000000	210.000000	0.000000	0.000000	0.000000	
326.000000	4943.047363	732.997986	1.863487	0.028807	87.008003	7.308540	210.000000	210.000000	0.000000	0.000000	0.000000	
327.000000	4883.078125	739.768005	1.942989	0.026432	87.019997	7.502393	210.000000	210.000000	0.000000	0.000000	0.000000	
328.000000	4830.764648	745.528320	1.846143	0.022967	86.977997	6.969904	210.000000	210.000000	0.000000	0.000000	0.000000	
329.000000	4784.616699	749.973206	1.941046	0.021496	86.989998	7.283949	210.000000	210.000000	0.000000	0.000000	0.000000	
330.000000	4744.273438	753.726196	2.044348	0.021195	87.001999	7.680448	210.000000	210.000000	0.000000	0.000000	0.000000	
331.000000	4707.412598	756.624878	1.904322	0.018534	86.959999	6.990542	210.000000	210.000000	0.000000	0.000000	0.000000	
332.000000	4671.016113	759.767212	1.923793	0.017696	86.972000	7.012095	210.000000	210.000000	0.000000	0.000000	0.000000	
333.000000	4633.878906	762.888245	1.892489	0.016412	86.984001	6.782630	210.000000	210.000000	0.000000	0.000000	0.000000	
334.000000	4595.856934	766.696167	1.710631	0.013378	86.942001	5.873908	210.000000	210.000000	0.000000	0.000000	1.000000	
335.000000	4556.170410	770.841736	1.328199	0.012116	86.954002	3.964762	210.000000	210.000000	0.000000	0.000000	0.000000	
336.000000	4511.767578	777.609863	0.003625	0.030145	86.966003	-1.884799	210.000000	210.000000	0.000000	0.000000	0.000000	
337.000000	4458.395996	785.797668	0.675578	0.010378	86.924004	0.865693	210.000000	210.000000	0.000000	0.000000	0.000000	
338.000000	4396.065430	795.175293	0.488702	0.008025	86.935997	0.139075	210.000000	210.000000	0.000000	0.000000	0.000000	
339.000000	4323.719238	805.662537	0.748940	-0.003943	86.834000	1.179033	210.000000	210.000000	0.000000	0.000000	0.000000	
340.000000	4241.943359	817.062500	1.247357	-0.014224	86.905998	3.130236	210.000000	210.000000	0.000000	0.000000	0.000000	
341.000000	4147.288086	829.470337	1.217972	-0.021348	86.917999	2.940679	210.000000	210.000000	0.000000	0.000000	0.000000	
342.000000	4038.727539	843.417053	1.633212	-0.032873	86.816002	4.445433	210.000000	210.000000	0.000000	0.000000	0.000000	
343.000000	3914.843018	858.783997	1.274475	-0.041095	86.774002	2.998930	210.000000	210.000000	0.000000	0.000000	0.000000	
344.000000	3768.697266	876.387268	2.105428	-0.053573	86.786003	5.675019	210.000000	210.000000	0.000000	0.000000	0.000000	
345.000000	3597.172852	894.920166	1.565697	-0.085665	86.797997	3.786542	210.000000	210.000000	0.000000	0.000000	0.000000	
346.000000	3405.270264	916.346985	3.188729	-0.106641	86.755997	8.723231	210.000000	210.000000	0.000000	0.000000	0.000000	
347.000000	3198.215088	935.567383	3.696418	-0.125358	86.767998	9.797941	210.000000	210.000000	0.000000	0.000000	0.000000	
348.000000	2991.315430	953.784241	3.699628	-0.153897	86.666000	9.415861	210.000000	210.000000	0.000000	0.000000	0.000000	
349.000000	2792.916260	969.966858	3.931308	-0.166502	86.624001	9.855124	210.000000	210.000000	0.000000	0.000000	0.000000	
350.000000	2608.425781	981.615112	4.021021	-0.176380	86.636002	9.716239	210.000000	210.000000	0.000000	0.000000	0.000000	
351.000000	2444.085205	994.492554	2.481314	-0.222605	86.533997	5.177187	210.000000	210.000000	0.000000	0.000000	0.000000	
