Time		H (m)		IAS (km/h)	G_vert 		G_horiz 	RPM 		AoA 		Hydro_m 	Hydro_b 	SAU 		Fors 		Trigger 
117.000000	14.775277	-1.586995	0.999968	-0.008003	29.280092	-168.424988	210.000000	210.000000	0.000000	0.000000	0.000000	
118.000000	14.775275	-1.640343	1.000052	-0.008005	30.463270	-165.786377	210.000000	210.000000	0.000000	0.000000	0.000000	
119.000000	14.775273	-1.745371	0.999969	-0.007998	31.653576	-163.089294	210.000000	210.000000	0.000000	0.000000	0.000000	
120.000000	14.775274	-1.810593	0.999968	-0.008004	32.843880	-168.846405	210.000000	210.000000	0.000000	0.000000	0.000000	
121.000000	14.775278	-1.869837	0.999999	-0.008014	34.027058	-175.513306	210.000000	210.000000	0.000000	0.000000	0.000000	
122.000000	14.775280	-1.830355	0.999967	-0.008002	35.217365	-172.066452	210.000000	210.000000	0.000000	0.000000	0.000000	
123.000000	14.775281	-1.803636	0.999968	-0.008004	36.407669	-167.713699	210.000000	210.000000	0.000000	0.000000	0.000000	
124.000000	14.775281	-1.848470	0.999968	-0.008005	37.590847	-165.944519	210.000000	210.000000	0.000000	0.000000	0.000000	
125.000000	14.775282	-1.887444	0.999969	-0.008004	38.781155	-166.387299	210.000000	210.000000	0.000000	0.000000	0.000000	
126.000000	14.775283	-2.005681	0.999969	-0.008004	39.971458	-166.521790	210.000000	210.000000	0.000000	0.000000	0.000000	
127.000000	14.775283	-2.107009	0.999968	-0.008004	41.154636	-164.181885	210.000000	210.000000	0.000000	0.000000	0.000000	
128.000000	14.775284	-2.128606	0.999968	-0.008005	42.344944	-166.857864	210.000000	210.000000	0.000000	0.000000	0.000000	
129.000000	14.775285	-2.162593	0.999967	-0.008004	43.535248	-171.626923	210.000000	210.000000	0.000000	0.000000	0.000000	
130.000000	14.775285	-2.138779	0.999967	-0.008004	44.718426	-171.449875	210.000000	210.000000	0.000000	0.000000	0.000000	
131.000000	14.775286	-2.108706	0.999968	-0.008004	45.908733	-170.927719	210.000000	210.000000	0.000000	0.000000	0.000000	
132.000000	14.775287	-2.120544	0.999968	-0.008004	47.099037	-167.185730	210.000000	210.000000	0.000000	0.000000	0.000000	
133.000000	14.775278	-2.161204	1.000031	-0.008041	48.051113	-163.691422	210.000000	210.000000	0.000000	0.000000	0.000000	
134.000000	14.775285	-2.239632	0.999941	-0.008152	48.063110	-165.754425	210.000000	210.000000	0.000000	0.000000	0.000000	
135.000000	14.775284	-2.293837	0.999973	-0.008003	48.075111	-167.139206	210.000000	210.000000	0.000000	0.000000	0.000000	
136.000000	14.775285	-2.290539	0.999969	-0.008056	48.033112	-169.211258	210.000000	210.000000	0.000000	0.000000	0.000000	
137.000000	14.775283	-2.254310	0.999957	-0.008046	48.045113	-173.932846	210.000000	210.000000	0.000000	0.000000	0.000000	
138.000000	14.775283	-2.221658	0.999969	-0.008035	48.057114	-172.313690	210.000000	210.000000	0.000000	0.000000	0.000000	
139.000000	14.775283	-2.186652	0.999968	-0.008039	48.015114	-168.795105	210.000000	210.000000	0.000000	0.000000	0.000000	
140.000000	14.775284	-2.140696	0.999968	-0.008038	48.027111	-170.249985	210.000000	210.000000	0.000000	0.000000	0.000000	
141.000000	14.775285	-2.108365	0.999967	-0.008038	48.039112	-173.393082	210.000000	210.000000	0.000000	0.000000	0.000000	
142.000000	14.775286	-2.135003	0.999967	-0.008037	47.997112	-174.940277	210.000000	210.000000	0.000000	0.000000	0.000000	
143.000000	14.775286	-2.186929	0.999968	-0.008037	48.009113	-176.375244	210.000000	210.000000	0.000000	0.000000	0.000000	
144.000000	14.775287	-2.231844	0.999968	-0.008037	48.021111	-177.935974	210.000000	210.000000	0.000000	0.000000	0.000000	
145.000000	14.775288	-2.270861	0.999968	-0.008038	47.979111	-178.571030	210.000000	210.000000	0.000000	0.000000	0.000000	
146.000000	14.775289	-2.292211	0.999967	-0.008037	47.991112	-176.313629	210.000000	210.000000	0.000000	0.000000	0.000000	
147.000000	14.775289	-2.290236	0.999967	-0.008037	48.003113	-172.341202	210.000000	210.000000	0.000000	0.000000	0.000000	
148.000000	14.775290	-2.270816	0.999969	-0.008038	48.075111	-171.571823	210.000000	210.000000	0.000000	0.000000	0.000000	
149.000000	14.775290	-2.226823	0.999967	-0.008024	50.025112	-176.547195	210.000000	210.000000	0.000000	0.000000	0.000000	
150.000000	14.775290	-2.172599	0.999941	-0.007595	59.043114	-179.340027	210.000000	210.000000	0.000000	0.000000	0.000000	
151.000000	14.775157	-2.084032	0.999776	-0.005640	68.007111	-173.206467	210.000000	210.000000	0.000000	0.000000	0.000000	
152.000000	14.774912	-0.929561	1.009608	0.059092	72.009109	-153.676422	210.000000	210.000000	0.000000	0.000000	0.000000	
153.000000	14.774534	1.711261	1.027517	0.072209	72.819115	-7.307283	210.000000	210.000000	0.000000	0.000000	0.000000	
154.000000	14.776679	4.975526	0.990157	0.086137	73.119110	-0.776860	210.000000	210.000000	0.000000	0.000000	0.000000	
155.000000	14.777699	8.295824	0.990291	0.081920	73.131111	-0.375041	210.000000	210.000000	0.000000	0.000000	0.000000	
156.000000	14.772779	9.988338	1.028181	-0.000547	73.257111	-0.459519	210.000000	210.000000	0.000000	0.000000	0.000000	
157.000000	14.777361	9.886806	1.013851	0.076249	73.215111	0.623692	210.000000	210.000000	0.000000	0.000000	0.000000	
158.000000	14.776069	12.117392	0.987154	0.087584	73.227112	1.456403	210.000000	210.000000	0.000000	0.000000	0.000000	
159.000000	14.773828	14.882003	1.073150	0.073017	73.239113	1.067011	210.000000	210.000000	0.000000	0.000000	0.000000	
160.000000	14.774643	16.534033	0.991523	0.085104	73.197113	-0.691615	210.000000	210.000000	0.000000	0.000000	0.000000	
161.000000	14.776824	16.968458	0.940065	0.092535	73.209114	0.099973	210.000000	210.000000	0.000000	0.000000	0.000000	
162.000000	14.776539	18.062319	0.950394	0.083210	73.221115	-0.510625	210.000000	210.000000	0.000000	0.000000	0.000000	
163.000000	14.773842	17.405693	1.047970	-0.002265	73.293114	-0.943791	210.000000	210.000000	0.000000	0.000000	0.000000	
164.000000	14.777131	12.540848	1.008218	-0.029326	70.911110	-1.363583	210.000000	210.000000	0.000000	0.000000	0.000000	
165.000000	14.775792	5.857393	0.971408	-0.115086	60.891113	-0.332218	210.000000	210.000000	0.000000	0.000000	0.000000	
166.000000	14.773877	6.645898	0.995292	-0.025773	60.393112	-0.192322	210.000000	210.000000	0.000000	0.000000	0.000000	
167.000000	14.776464	10.353732	1.007367	0.045199	69.411110	-1.015687	210.000000	210.000000	0.000000	0.000000	0.000000	
168.000000	14.773658	13.014558	0.963186	0.091798	73.299110	1.216872	210.000000	210.000000	0.000000	0.000000	0.000000	
169.000000	14.775639	13.136280	0.968885	-0.016813	70.977112	-0.636801	210.000000	210.000000	0.000000	0.000000	0.000000	
170.000000	14.776707	11.915772	0.967788	0.033083	68.139114	-0.374949	210.000000	210.000000	0.000000	0.000000	0.000000	
171.000000	14.774530	12.416233	1.069129	0.031560	69.063110	1.020177	210.000000	210.000000	0.000000	0.000000	0.000000	
172.000000	14.774603	13.927439	1.060105	0.038672	69.591110	1.110110	210.000000	210.000000	0.000000	0.000000	0.000000	
173.000000	14.774810	15.835992	0.959384	0.057040	69.717110	1.227531	210.000000	210.000000	0.000000	0.000000	0.000000	
174.000000	14.773950	17.958466	0.977060	0.055231	69.729111	1.843298	210.000000	210.000000	0.000000	0.000000	0.000000	
175.000000	14.775102	19.964283	1.019031	0.031000	68.661110	1.349497	210.000000	210.000000	0.000000	0.000000	0.000000	
176.000000	14.775467	20.670385	0.927760	-0.000966	63.201111	0.889335	210.000000	210.000000	0.000000	0.000000	0.000000	
Time		H (m)		IAS (km/h)	G_vert 		G_horiz 	RPM 		AoA 		Hydro_m 	Hydro_b 	SAU 		Fors 		Trigger 
177.000000	14.775527	20.336514	0.915182	-0.013743	61.161114	0.940082	210.000000	210.000000	0.000000	0.000000	0.000000	
178.000000	14.776338	19.807974	1.006070	-0.029695	60.663113	0.284111	210.000000	210.000000	0.000000	0.000000	0.000000	
179.000000	14.776881	19.593573	0.928458	0.001826	64.323112	0.709063	210.000000	210.000000	0.000000	0.000000	0.000000	
180.000000	14.776693	19.958569	1.033726	-0.000332	65.475113	1.115182	210.000000	210.000000	0.000000	0.000000	0.000000	
181.000000	14.773086	20.458927	1.149824	-0.010460	65.547112	0.709215	210.000000	210.000000	0.000000	0.000000	0.000000	
182.000000	14.775612	20.756624	0.982218	-0.008720	63.393112	0.442124	210.000000	210.000000	0.000000	0.000000	0.000000	
183.000000	14.774539	20.449615	1.145196	-0.040331	61.581112	0.199052	210.000000	210.000000	0.000000	0.000000	0.000000	
184.000000	14.775615	19.711823	1.051029	-0.050597	58.803112	0.329487	210.000000	210.000000	0.000000	0.000000	0.000000	
185.000000	14.773415	18.551685	0.995106	-0.043750	57.789112	-0.124308	210.000000	210.000000	0.000000	0.000000	0.000000	
186.000000	14.776190	17.211401	1.021965	-0.048908	57.345112	-1.012662	210.000000	210.000000	0.000000	0.000000	0.000000	
187.000000	14.774081	15.678628	0.985975	-0.028223	60.153111	-0.322375	210.000000	210.000000	0.000000	0.000000	0.000000	
188.000000	14.776291	13.513660	0.958797	-0.058750	67.461113	0.574873	210.000000	210.000000	0.000000	0.000000	0.000000	
189.000000	14.777811	9.879647	0.900267	-0.085530	64.623116	1.342875	210.000000	210.000000	0.000000	0.000000	0.000000	
190.000000	14.774958	10.060096	1.062236	-0.097606	66.063110	3.310298	210.000000	210.000000	0.000000	0.000000	0.000000	
191.000000	14.776680	15.517129	1.011655	-0.054298	69.039116	1.762475	210.000000	210.000000	0.000000	0.000000	0.000000	
192.000000	14.774978	21.561964	0.969947	-0.081135	65.517113	0.617314	210.000000	210.000000	0.000000	0.000000	0.000000	
193.000000	14.777510	20.662670	0.909647	-0.088088	63.309113	0.155351	210.000000	210.000000	0.000000	0.000000	0.000000	
194.000000	14.774137	20.947285	1.087121	-0.034735	62.409111	-0.543938	210.000000	210.000000	0.000000	0.000000	0.000000	
195.000000	14.773881	22.524994	1.030164	0.025961	67.551109	-0.978248	210.000000	210.000000	0.000000	0.000000	0.000000	
196.000000	14.777744	25.255491	1.030056	0.026204	70.587112	-0.503707	210.000000	210.000000	0.000000	0.000000	0.000000	
197.000000	14.776711	28.021927	0.985516	0.070651	71.625114	0.259224	210.000000	210.000000	0.000000	0.000000	0.000000	
198.000000	14.773695	31.888500	0.978751	0.144271	78.135109	-0.127597	210.000000	210.000000	0.000000	1.000000	0.000000	
199.000000	14.775950	39.536808	1.027022	0.277702	87.099113	0.740522	210.000000	210.000000	0.000000	1.000000	0.000000	
200.000000	14.774295	52.332737	1.072495	0.451072	96.117111	1.568772	210.000000	210.000000	0.000000	1.000000	0.000000	
201.000000	14.776864	71.162315	1.049309	0.557686	99.207115	0.846313	210.000000	210.000000	0.000000	1.000000	0.000000	
202.000000	14.776244	92.096046	1.024829	0.569680	99.735115	0.717853	210.000000	210.000000	0.000000	1.000000	0.000000	
203.000000	14.772866	112.396461	1.039573	0.563188	99.861115	0.600753	210.000000	210.000000	0.000000	1.000000	0.000000	
204.000000	14.776306	130.705353	1.099838	0.554701	99.987114	0.737363	210.000000	210.000000	0.000000	1.000000	0.000000	
205.000000	14.774661	150.867065	0.997687	0.551657	99.945114	0.227502	210.000000	210.000000	0.000000	1.000000	0.000000	
206.000000	14.773210	170.536987	1.630757	0.488570	99.957115	0.801134	210.000000	210.000000	0.000000	1.000000	0.000000	
207.000000	14.777433	189.720093	1.199345	0.515866	99.969109	0.356930	210.000000	210.000000	0.000000	1.000000	0.000000	
208.000000	14.780012	208.897842	1.257487	0.496646	100.041115	0.295254	210.000000	210.000000	0.000000	1.000000	0.000000	
209.000000	14.777441	227.452637	1.449412	0.472839	100.053116	0.783538	210.000000	210.000000	0.000000	1.000000	0.000000	
210.000000	14.777718	245.491425	1.219085	0.473387	99.951111	0.846816	210.000000	210.000000	0.000000	1.000000	0.000000	
211.000000	14.776337	262.785400	1.146513	0.475308	100.023109	0.961533	210.000000	210.000000	0.000000	1.000000	0.000000	
212.000000	14.778578	280.532715	0.814960	0.486521	100.035110	1.777961	210.000000	210.000000	0.000000	1.000000	0.000000	
213.000000	14.787208	296.731018	1.087850	0.466595	100.047112	1.712864	210.000000	210.000000	0.000000	1.000000	0.000000	
214.000000	14.830479	311.813446	0.514997	0.487807	100.005112	7.243361	210.000000	210.000000	0.000000	1.000000	0.000000	
215.000000	15.028809	320.626312	1.202670	0.458193	100.017113	20.165585	210.000000	210.000000	0.000000	1.000000	0.000000	
216.000000	16.834652	332.684570	0.819946	0.455138	100.029114	12.684791	210.000000	210.000000	0.000000	1.000000	0.000000	
217.000000	17.454926	348.385284	0.566637	0.451682	99.987114	8.374097	210.000000	210.000000	0.000000	1.000000	0.000000	
218.000000	15.710393	355.658295	1.384769	0.425662	99.999115	19.237293	210.000000	210.000000	0.000000	1.000000	0.000000	
219.000000	16.818062	366.797180	1.006228	0.423463	100.011108	13.183852	210.000000	210.000000	0.000000	1.000000	0.000000	
220.000000	18.847498	377.767792	1.027536	0.415046	99.969109	12.745377	210.000000	210.000000	0.000000	1.000000	0.000000	
221.000000	21.659521	386.619965	1.212445	0.403638	99.981110	14.347378	210.000000	210.000000	0.000000	1.000000	0.000000	
222.000000	26.607298	397.594116	0.981238	0.403372	99.993111	10.781359	210.000000	210.000000	0.000000	1.000000	0.000000	
223.000000	32.047626	407.013794	1.073986	0.396624	99.951111	11.454453	206.978210	210.000000	0.000000	1.000000	0.000000	
224.000000	38.879566	413.365021	1.325853	0.400434	99.963112	13.800897	210.000000	210.000000	0.000000	1.000000	0.000000	
225.000000	48.795841	422.955383	0.971670	0.423108	99.975113	9.231508	210.000000	210.000000	0.000000	1.000000	0.000000	
226.000000	59.316269	433.043427	0.973339	0.436230	100.047112	8.799709	210.000000	210.000000	0.000000	1.000000	0.000000	
227.000000	70.245544	444.009216	1.022473	0.445153	99.945114	8.723265	210.000000	210.000000	0.000000	1.000000	0.000000	
228.000000	81.696495	455.636475	0.826454	0.457362	99.957115	6.296799	210.000000	210.000000	0.000000	1.000000	0.000000	
229.000000	92.301895	467.357239	0.960382	0.495181	100.029114	7.798067	210.000000	210.000000	0.000000	1.000000	0.000000	
230.000000	102.803833	481.927917	0.871816	0.535312	100.041115	6.965358	210.000000	210.000000	0.000000	1.000000	0.000000	
231.000000	112.735321	497.668793	0.758299	0.536909	100.053116	5.464744	210.000000	210.000000	0.000000	1.000000	0.000000	
232.000000	121.331909	513.262512	0.939663	0.529843	100.011108	6.574861	210.000000	210.000000	0.000000	1.000000	0.000000	
233.000000	129.489548	528.418945	0.866238	0.529702	100.023109	5.573353	210.000000	210.000000	0.000000	1.000000	0.000000	
234.000000	137.149887	542.162048	0.948254	0.525796	100.035110	5.580663	210.000000	210.000000	0.000000	1.000000	0.000000	
235.000000	143.541672	558.712036	0.796612	0.527098	99.993111	4.239215	210.000000	210.000000	0.000000	1.000000	0.000000	
236.000000	148.305771	574.692871	1.172223	0.514897	100.005112	6.613026	210.000000	210.000000	0.000000	1.000000	0.000000	
Time		H (m)		IAS (km/h)	G_vert 		G_horiz 	RPM 		AoA 		Hydro_m 	Hydro_b 	SAU 		Fors 		Trigger 
237.000000	154.583710	589.578857	0.918726	0.518375	100.017113	4.503297	210.000000	210.000000	0.000000	1.000000	0.000000	
238.000000	160.729660	605.700012	0.951908	0.514932	99.975113	4.410198	210.000000	210.000000	0.000000	1.000000	0.000000	
239.000000	166.549850	621.648132	0.900853	0.515895	99.987114	3.811271	210.000000	210.000000	0.000000	1.000000	0.000000	
240.000000	172.149765	637.725891	1.127115	0.510437	99.999115	4.873720	210.000000	210.000000	0.000000	1.000000	0.000000	
241.000000	178.723846	653.075867	1.012361	0.510457	99.957115	3.970345	210.000000	210.000000	0.000000	1.000000	0.000000	
242.000000	186.153458	665.189941	1.235353	0.236848	92.673111	5.010015	210.000000	210.000000	0.000000	0.000000	0.000000	
243.000000	195.503586	668.091858	1.115345	0.127411	86.529114	4.295732	210.000000	210.000000	0.000000	0.000000	0.000000	
244.000000	206.216858	668.472717	1.147267	0.087944	84.207115	4.453796	210.000000	210.000000	0.000000	0.000000	0.000000	
245.000000	218.208359	667.624023	1.083216	0.076853	83.421112	4.113576	210.000000	210.000000	0.000000	0.000000	0.000000	
246.000000	231.140411	666.458496	1.088519	0.071960	83.091110	4.164660	210.000000	210.000000	0.000000	0.000000	0.000000	
247.000000	244.862701	665.098022	1.055474	0.077282	83.391113	3.992336	210.000000	210.000000	0.000000	0.000000	0.000000	
248.000000	259.286316	663.924377	1.054337	0.081171	83.631111	4.004168	210.000000	210.000000	0.000000	0.000000	0.000000	
249.000000	274.221649	662.666382	1.033342	0.081835	83.643112	3.903556	210.000000	210.000000	0.000000	0.000000	0.000000	
250.000000	289.462830	661.433228	1.045151	0.082900	83.715111	3.988615	210.000000	210.000000	0.000000	0.000000	0.000000	
251.000000	305.180450	660.079224	1.006886	0.084096	83.727112	3.805753	210.000000	210.000000	0.000000	0.000000	0.000000	
252.000000	321.147949	658.664978	1.049451	0.083412	83.739113	4.050206	210.000000	210.000000	0.000000	0.000000	0.000000	
253.000000	337.397369	657.139954	1.011361	0.083770	83.697113	3.868085	210.000000	210.000000	0.000000	0.000000	0.000000	
254.000000	353.949707	655.795105	1.025354	0.083836	83.709114	3.963414	210.000000	210.000000	0.000000	0.000000	0.000000	
255.000000	370.710632	654.297119	0.983409	0.085117	83.721115	3.758140	210.000000	210.000000	0.000000	0.000000	0.000000	
256.000000	387.344086	652.869446	1.013117	0.085819	83.793114	3.946967	210.000000	210.000000	0.000000	0.000000	0.000000	
257.000000	404.147644	651.370361	0.980923	0.085132	83.691109	3.793501	210.000000	210.000000	0.000000	0.000000	0.000000	
258.000000	420.904907	649.914429	0.999039	0.085035	83.703110	3.913494	210.000000	210.000000	0.000000	0.000000	0.000000	
259.000000	437.527283	648.471985	0.978006	0.086718	83.775108	3.816430	210.000000	210.000000	0.000000	0.000000	0.000000	
260.000000	454.110474	647.055725	0.984747	0.086846	83.787109	3.872443	210.000000	210.000000	0.000000	0.000000	0.000000	
261.000000	470.567566	645.634888	0.982351	0.087083	83.799110	3.872225	210.000000	210.000000	0.000000	0.000000	0.000000	
262.000000	486.771606	644.240051	0.977901	0.086656	83.757111	3.866815	210.000000	210.000000	0.000000	0.000000	0.000000	
263.000000	502.888794	642.907227	0.969446	0.087089	83.769112	3.838439	210.000000	210.000000	0.000000	0.000000	0.000000	
264.000000	518.784912	641.763428	0.975569	0.087284	83.781113	3.894622	210.000000	210.000000	0.000000	0.000000	0.000000	
265.000000	534.368652	640.531677	0.975825	0.086796	83.739113	3.918031	210.000000	210.000000	0.000000	0.000000	0.000000	
266.000000	549.851379	639.393066	0.933072	0.088411	83.751114	3.717744	210.000000	210.000000	0.000000	0.000000	0.000000	
267.000000	564.909180	638.477112	0.985304	0.087470	83.763115	4.027208	210.000000	210.000000	0.000000	0.000000	0.000000	
268.000000	579.466248	637.680359	0.843628	0.091658	83.835114	3.184648	210.000000	210.000000	0.000000	0.000000	0.000000	
269.000000	592.869446	637.322693	0.991450	0.088488	83.847115	4.072677	210.000000	210.000000	0.000000	0.000000	0.000000	
270.000000	605.798218	636.658203	0.930088	0.089762	83.859116	3.767899	210.000000	210.000000	0.000000	0.000000	0.000000	
271.000000	618.438782	635.929565	1.086275	0.085821	83.817116	4.651680	210.000000	210.000000	0.000000	0.000000	0.000000	
272.000000	631.559570	635.208130	0.927883	0.089483	83.829109	3.752566	210.000000	210.000000	0.000000	0.000000	0.000000	
273.000000	644.327576	634.650513	1.024289	0.087532	83.841110	4.319161	210.000000	210.000000	0.000000	0.000000	0.000000	
274.000000	657.068420	634.093445	0.971820	0.088032	83.799110	4.027956	210.000000	210.000000	0.000000	0.000000	0.000000	
275.000000	669.731934	633.601929	1.003071	0.087526	83.811111	4.221340	210.000000	210.000000	0.000000	0.000000	0.000000	
276.000000	682.385376	633.042419	0.994010	0.087845	83.823112	4.176776	210.000000	210.000000	0.000000	0.000000	0.000000	
277.000000	694.942261	632.528259	0.991952	0.087210	83.781113	4.171021	210.000000	210.000000	0.000000	0.000000	0.000000	
278.000000	707.522278	631.999878	0.994494	0.087344	83.793114	4.197456	210.000000	210.000000	0.000000	0.000000	0.000000	
279.000000	720.060974	631.485779	0.967883	0.088046	83.805115	4.040816	210.000000	210.000000	0.000000	0.000000	0.000000	
280.000000	732.273926	631.125183	0.959448	0.089278	83.877113	3.997360	210.000000	210.000000	0.000000	0.000000	0.000000	
281.000000	744.238770	630.759155	0.974118	0.089097	83.889114	4.091927	210.000000	210.000000	0.000000	0.000000	0.000000	
282.000000	755.955322	630.467102	0.961545	0.089548	83.901115	4.027194	210.000000	210.000000	0.000000	0.000000	0.000000	
283.000000	767.261230	630.257813	0.969188	0.088695	83.859116	4.078573	210.000000	210.000000	0.000000	0.000000	0.000000	
284.000000	778.280945	630.129028	0.943432	0.089359	83.871109	3.924302	210.000000	210.000000	0.000000	0.000000	0.000000	
285.000000	788.786316	630.084106	0.965673	0.088943	83.883110	4.061772	210.000000	210.000000	0.000000	0.000000	0.000000	
286.000000	798.832581	630.052185	0.977058	0.087982	83.841110	4.135174	210.000000	210.000000	0.000000	0.000000	0.000000	
287.000000	808.686279	630.033142	0.993681	0.087644	83.853111	4.287810	210.000000	210.000000	0.000000	0.000000	0.000000	
288.000000	818.866272	629.470276	1.178652	0.083890	83.865112	5.387622	210.000000	210.000000	0.000000	0.000000	0.000000	
289.000000	830.332336	628.656921	0.998404	0.087315	83.823112	4.335077	210.000000	210.000000	0.000000	0.000000	0.000000	
290.000000	842.200562	628.001343	1.078012	0.085926	83.835114	4.767591	210.000000	210.000000	0.000000	0.000000	0.000000	
291.000000	854.241638	627.605591	0.833594	0.091379	83.847115	3.321122	210.000000	210.000000	0.000000	0.000000	0.000000	
292.000000	865.101379	627.648804	0.969407	0.089170	83.919113	4.117469	210.000000	210.000000	0.000000	0.000000	0.000000	
293.000000	875.464417	627.702271	0.895191	0.090823	83.931114	3.676801	210.000000	210.000000	0.000000	0.000000	0.000000	
294.000000	884.985046	627.992737	0.939705	0.087993	83.829109	3.923793	210.000000	210.000000	0.000000	0.000000	0.000000	
295.000000	893.728882	628.378723	0.928512	0.089072	83.901115	3.849737	210.000000	210.000000	0.000000	0.000000	0.000000	
296.000000	901.778992	628.936157	0.924037	0.089185	83.913109	3.818647	210.000000	210.000000	0.000000	0.000000	0.000000	
Time		H (m)		IAS (km/h)	G_vert 		G_horiz 	RPM 		AoA 		Hydro_m 	Hydro_b 	SAU 		Fors 		Trigger 
297.000000	909.062561	629.656372	0.930266	0.089121	83.925110	3.854719	210.000000	210.000000	0.000000	0.000000	0.000000	
298.000000	915.561890	630.587341	0.924619	0.088319	83.883110	3.806135	210.000000	210.000000	0.000000	0.000000	0.000000	
299.000000	921.355347	631.710083	0.942423	0.087747	83.895111	3.891710	210.000000	210.000000	0.000000	0.000000	0.000000	
300.000000	926.493286	633.001526	0.933426	0.087709	83.907112	3.814887	210.000000	210.000000	0.000000	0.000000	0.000000	
301.000000	930.958313	634.389954	0.945401	0.086386	83.865112	3.859742	210.000000	210.000000	0.000000	0.000000	0.000000	
302.000000	934.904602	635.865417	0.949096	0.086135	83.877113	3.881673	210.000000	210.000000	0.000000	0.000000	0.000000	
303.000000	938.568726	637.098511	1.057832	0.083585	83.889114	4.495727	210.000000	210.000000	0.000000	0.000000	0.000000	
304.000000	942.600952	638.140503	1.020025	0.083525	83.847115	4.266774	210.000000	210.000000	0.000000	0.000000	0.000000	
305.000000	946.835571	639.067200	1.039703	0.083058	83.859116	4.364111	210.000000	210.000000	0.000000	0.000000	0.000000	
306.000000	951.215576	640.075562	1.000441	0.083669	83.871109	4.112028	210.000000	210.000000	1.000000	0.000000	0.000000	
307.000000	955.531128	641.129028	1.041068	0.083676	83.943115	4.332196	210.000000	210.000000	1.000000	0.000000	0.000000	
308.000000	959.998840	642.213745	0.907341	0.086172	83.955109	3.570604	210.000000	210.000000	1.000000	0.000000	0.000000	
309.000000	964.480347	642.739868	1.549141	0.072438	83.853111	7.253444	210.000000	210.000000	1.000000	0.000000	0.000000	
310.000000	972.246826	641.901245	0.782533	0.088630	83.925110	2.830299	210.000000	210.000000	1.000000	0.000000	0.000000	
311.000000	979.513977	642.760925	1.237883	0.079455	83.937111	5.486199	210.000000	210.000000	1.000000	0.000000	0.000000	
312.000000	988.107910	641.935181	1.096214	0.082383	83.949112	4.665525	210.000000	210.000000	1.000000	0.000000	0.000000	
313.000000	997.596619	642.196777	0.835554	0.087364	83.907112	3.134192	210.000000	210.000000	1.000000	0.000000	0.000000	
314.000000	1005.975830	642.714722	0.955572	0.084701	83.919113	3.821399	210.000000	210.000000	1.000000	0.000000	0.000000	
315.000000	1013.801331	643.209656	0.933168	0.085034	83.931114	3.689682	210.000000	210.000000	1.000000	0.000000	0.000000	
316.000000	1021.085083	643.735596	1.063663	0.081522	83.889114	4.404006	210.000000	210.000000	1.000000	0.000000	0.000000	
317.000000	1028.265015	644.491882	0.675911	0.089804	83.901115	2.132475	210.000000	210.000000	1.000000	0.000000	0.000000	
318.000000	1032.966187	646.268616	0.803670	0.086654	83.913109	2.833647	210.000000	210.000000	1.000000	0.000000	0.000000	
319.000000	1035.427002	648.262878	0.848188	0.084338	83.871109	3.110157	210.000000	210.000000	1.000000	0.000000	0.000000	
320.000000	1036.601563	650.070129	1.032368	0.079978	83.883110	4.139681	210.000000	210.000000	1.000000	0.000000	0.000000	
321.000000	1037.885742	651.646057	0.998947	0.080408	83.895111	3.927471	210.000000	210.000000	1.000000	0.000000	0.000000	
322.000000	1039.275024	653.283813	1.025814	0.080370	83.967110	4.060731	210.000000	210.000000	1.000000	0.000000	0.000000	
323.000000	1041.143433	654.503052	1.191692	0.076742	83.979111	4.975631	210.000000	210.000000	1.000000	0.000000	0.000000	
324.000000	1044.678589	655.127319	1.147457	0.075860	83.877113	4.724725	210.000000	210.000000	1.000000	0.000000	0.000000	
325.000000	1049.756348	655.549805	1.153196	0.076684	83.949112	4.729776	210.000000	210.000000	1.000000	0.000000	0.000000	
326.000000	1056.160400	655.903015	1.038183	0.079081	83.961113	4.083838	210.000000	210.000000	1.000000	0.000000	0.000000	
327.000000	1063.093506	656.335022	1.052562	0.078847	83.973114	4.153843	210.000000	210.000000	1.000000	0.000000	0.000000	
328.000000	1070.478516	656.579895	1.034026	0.078397	83.931114	4.046589	210.000000	210.000000	1.000000	0.000000	0.000000	
329.000000	1078.306763	656.807312	1.038406	0.078311	83.943115	4.065287	210.000000	210.000000	1.000000	0.000000	0.000000	
330.000000	1086.533813	656.874207	1.064423	0.077924	83.955109	4.225071	210.000000	210.000000	1.000000	0.000000	0.000000	
331.000000	1095.310181	656.747437	1.082764	0.076734	83.913109	4.322909	210.000000	210.000000	1.000000	0.000000	0.000000	
332.000000	1104.447266	656.622803	1.076081	0.076910	83.925110	4.285961	210.000000	210.000000	1.000000	0.000000	0.000000	
333.000000	1112.949219	656.663879	1.073910	0.077090	83.937111	4.270727	210.000000	210.000000	1.000000	0.000000	0.000000	
334.000000	1120.072021	657.011536	1.047324	0.076760	83.895111	4.115846	210.000000	210.000000	1.000000	0.000000	0.000000	
335.000000	1125.787598	657.535522	1.178486	0.074087	83.907112	4.879425	210.000000	210.000000	1.000000	0.000000	0.000000	
336.000000	1131.186035	657.348511	1.288723	0.071872	83.919113	5.450005	210.000000	210.000000	1.000000	0.000000	0.000000	
337.000000	1136.741455	657.460999	1.372830	0.071599	83.991112	5.963003	210.000000	210.000000	1.000000	0.000000	0.000000	
338.000000	1143.281372	656.575012	1.271891	0.073406	84.003113	5.411702	210.000000	210.000000	1.000000	0.000000	0.000000	
339.000000	1150.995850	656.222778	1.259253	0.074119	84.015114	5.347941	210.000000	210.000000	1.000000	0.000000	0.000000	
340.000000	1159.683594	655.567383	1.236433	0.073938	83.973114	5.236712	210.000000	210.000000	1.000000	0.000000	0.000000	
341.000000	1169.572998	654.865234	1.200984	0.074859	83.985115	5.042595	210.000000	210.000000	1.000000	0.000000	0.000000	
342.000000	1180.442749	654.061829	1.167347	0.075606	83.997108	4.856478	210.000000	210.000000	1.000000	0.000000	0.000000	
343.000000	1192.144287	653.152893	1.168099	0.074975	83.955109	4.872291	210.000000	210.000000	1.000000	0.000000	0.000000	
344.000000	1204.890381	652.103882	1.159948	0.075509	83.967110	4.853644	210.000000	210.000000	1.000000	0.000000	0.000000	
345.000000	1218.668335	650.995422	1.150894	0.075979	83.979111	4.826459	210.000000	210.000000	1.000000	0.000000	0.000000	
346.000000	1233.446777	649.586304	1.153634	0.075393	83.937111	4.863802	210.000000	210.000000	1.000000	0.000000	0.000000	
347.000000	1249.463867	647.998047	1.135064	0.076152	83.949112	4.791067	210.000000	210.000000	1.000000	0.000000	0.000000	
348.000000	1266.578369	646.220398	1.134928	0.076593	83.961113	4.817400	210.000000	210.000000	1.000000	0.000000	0.000000	
349.000000	1284.593628	644.357971	1.058751	0.079295	84.033112	4.402915	210.000000	210.000000	1.000000	0.000000	0.000000	
350.000000	1303.288086	642.504883	1.063578	0.079628	84.045113	4.460832	210.000000	210.000000	1.000000	0.000000	0.000000	
351.000000	1322.512085	640.549561	1.035047	0.080643	84.057114	4.335337	210.000000	210.000000	1.000000	0.000000	0.000000	
352.000000	1342.013916	638.562500	1.028563	0.080429	84.015114	4.328813	210.000000	210.000000	1.000000	0.000000	0.000000	
353.000000	1361.893555	636.580200	0.969563	0.082042	84.027115	3.994963	210.000000	210.000000	1.000000	0.000000	0.000000	
354.000000	1381.429443	634.923706	0.865331	0.084613	84.039116	3.390512	210.000000	210.000000	1.000000	0.000000	0.000000	
355.000000	1399.668457	633.761963	0.883548	0.083725	83.997108	3.527898	210.000000	210.000000	1.000000	0.000000	0.000000	
356.000000	1416.911499	632.545532	0.913239	0.083298	84.009109	3.733234	210.000000	210.000000	1.000000	0.000000	0.000000	
Time		H (m)		IAS (km/h)	G_vert 		G_horiz 	RPM 		AoA 		Hydro_m 	Hydro_b 	SAU 		Fors 		Trigger 
357.000000	1433.359863	631.423645	0.966090	0.082332	84.021111	4.100672	210.000000	210.000000	1.000000	0.000000	0.000000	
358.000000	1449.575928	629.922180	1.123259	0.080262	84.093109	5.082411	210.000000	210.000000	1.000000	0.000000	0.000000	
359.000000	1466.929810	627.926636	1.111637	0.079241	83.991112	5.061134	210.000000	210.000000	1.000000	0.000000	0.000000	
360.000000	1485.386841	625.756531	1.094655	0.080046	84.003113	5.003278	210.000000	210.000000	1.000000	0.000000	0.000000	
361.000000	1504.676758	623.416748	1.086553	0.081518	84.075111	4.992210	210.000000	210.000000	1.000000	0.000000	0.000000	
362.000000	1524.861450	621.011719	0.980678	0.084130	84.087112	4.356360	210.000000	210.000000	1.000000	0.000000	0.000000	
363.000000	1544.894043	619.059937	0.915816	0.085898	84.099113	4.004165	210.000000	210.000000	1.000000	0.000000	0.000000	
364.000000	1564.264038	616.918091	1.091723	0.081855	84.057114	5.155210	210.000000	210.000000	1.000000	0.000000	0.000000	
365.000000	1584.408325	614.575378	1.047252	0.083187	84.069115	4.917055	210.000000	210.000000	1.000000	0.000000	0.000000	
366.000000	1604.892944	612.300781	0.853867	0.087740	84.081116	3.707721	210.000000	210.000000	1.000000	0.000000	0.000000	
367.000000	1624.144531	610.604492	0.939830	0.085394	84.039116	4.307173	210.000000	210.000000	1.000000	0.000000	0.000000	
368.000000	1642.961304	608.489929	1.032193	0.083700	84.051109	4.935865	210.000000	210.000000	1.000000	0.000000	0.000000	
369.000000	1661.975830	606.404236	0.973831	0.085337	84.063110	4.610899	210.000000	210.000000	1.000000	0.000000	0.000000	
370.000000	1680.737061	604.331055	1.003134	0.085912	84.135109	4.836963	210.000000	210.000000	1.000000	0.000000	0.000000	
371.000000	1699.613037	602.227112	1.006645	0.086185	84.147110	4.918664	210.000000	210.000000	1.000000	0.000000	0.000000	
372.000000	1718.637207	599.930481	1.056224	0.085515	84.159111	5.292900	210.000000	210.000000	1.000000	0.000000	0.000000	
373.000000	1738.039917	597.480225	1.038674	0.085525	84.117111	5.232636	210.000000	210.000000	1.000000	0.000000	0.000000	
374.000000	1757.981934	594.934937	1.033769	0.086088	84.129112	5.231147	210.000000	210.000000	1.000000	0.000000	0.000000	
375.000000	1778.093018	592.831238	0.922340	0.088832	84.141113	4.546540	210.000000	210.000000	1.000000	0.000000	0.000000	
376.000000	1797.626953	590.592407	1.027011	0.086231	84.099113	5.294155	210.000000	210.000000	1.000000	0.000000	0.000000	
377.000000	1817.366211	588.155701	0.980901	0.087539	84.111115	5.043924	210.000000	210.000000	1.000000	0.000000	0.000000	
378.000000	1837.060181	585.789917	1.036624	0.086768	84.123116	5.481728	210.000000	210.000000	1.000000	0.000000	0.000000	
379.000000	1856.909302	583.147156	1.018934	0.088321	84.195114	5.416534	210.000000	210.000000	1.000000	0.000000	0.000000	
380.000000	1877.088013	580.629639	0.993920	0.089278	84.207115	5.300043	210.000000	210.000000	1.000000	0.000000	0.000000	
381.000000	1897.252075	578.087708	0.999800	0.089531	84.219109	5.395772	210.000000	210.000000	1.000000	0.000000	0.000000	
382.000000	1917.285645	575.563660	0.982973	0.089532	84.177109	5.340470	210.000000	210.000000	1.000000	0.000000	0.000000	
383.000000	1937.352661	573.020386	1.013406	0.089251	84.189110	5.616687	210.000000	210.000000	1.000000	0.000000	0.000000	
384.000000	1957.527832	570.380615	1.004169	0.089817	84.201111	5.613754	210.000000	210.000000	1.000000	0.000000	0.000000	
385.000000	1977.642578	568.020874	0.992075	0.089742	84.159111	5.587269	210.000000	210.000000	1.000000	0.000000	0.000000	
386.000000	1997.820679	565.434631	0.985075	0.090266	84.171112	5.596362	210.000000	210.000000	1.000000	0.000000	0.000000	
387.000000	2017.862061	562.900146	0.972918	0.090893	84.183113	5.567188	210.000000	210.000000	1.000000	0.000000	0.000000	
388.000000	2037.546265	560.420654	0.967415	0.092155	84.255112	5.584344	210.000000	210.000000	1.000000	0.000000	0.000000	
389.000000	2057.049316	558.029297	0.959317	0.091156	84.153114	5.581154	210.000000	210.000000	1.000000	0.000000	0.000000	
390.000000	2076.181885	555.732971	0.952519	0.091625	84.165115	5.585091	210.000000	210.000000	1.000000	0.000000	0.000000	
391.000000	2094.768066	553.527771	0.946077	0.092855	84.237114	5.588861	210.000000	210.000000	1.000000	0.000000	0.000000	
392.000000	2112.971191	551.455200	0.939601	0.093282	84.249115	5.589834	210.000000	210.000000	1.000000	0.000000	0.000000	
393.000000	2130.619141	549.510559	0.937166	0.093596	84.261108	5.620443	210.000000	210.000000	1.000000	0.000000	0.000000	
394.000000	2147.592041	547.663818	0.937916	0.093120	84.219109	5.671151	210.000000	210.000000	1.000000	0.000000	0.000000	
395.000000	2164.088379	546.123840	0.933947	0.093440	84.231110	5.685550	210.000000	210.000000	1.000000	0.000000	0.000000	
396.000000	2179.981689	544.504761	0.952640	0.093211	84.243111	5.889066	210.000000	210.000000	1.000000	0.000000	0.000000	
397.000000	2195.403809	542.777466	1.020683	0.091202	84.201111	6.478693	210.000000	210.000000	1.000000	0.000000	0.000000	
398.000000	2211.071045	540.813416	1.022865	0.091386	84.213112	6.553962	210.000000	210.000000	1.000000	0.000000	0.000000	
399.000000	2226.975830	538.816162	1.013150	0.091874	84.225113	6.533621	210.000000	210.000000	1.000000	0.000000	0.000000	
400.000000	2242.940918	536.787842	1.014195	0.092897	84.297112	6.593968	210.000000	210.000000	1.000000	0.000000	0.000000	
401.000000	2259.100098	534.815063	0.946148	0.094700	84.309113	6.081125	210.000000	210.000000	1.000000	0.000000	0.000000	
402.000000	2274.739746	533.268982	0.908946	0.095815	84.321114	5.824623	210.000000	210.000000	1.000000	0.000000	0.000000	
403.000000	2289.370850	531.816833	0.975200	0.093776	84.279114	6.414369	210.000000	210.000000	1.000000	0.000000	0.000000	
404.000000	2303.572998	530.256470	0.984083	0.093745	84.291115	6.533832	210.000000	210.000000	1.000000	0.000000	0.000000	
405.000000	2317.323730	528.837524	0.968999	0.094294	84.303116	6.452495	210.000000	210.000000	1.000000	0.000000	0.000000	
406.000000	2330.394531	527.673706	0.975576	0.093645	84.261108	6.541574	210.000000	210.000000	1.000000	0.000000	0.000000	
407.000000	2342.918701	526.507019	0.966625	0.094016	84.273109	6.503854	210.000000	210.000000	1.000000	0.000000	0.000000	
408.000000	2354.734131	525.487915	0.975017	0.093987	84.285110	6.602050	210.000000	210.000000	1.000000	0.000000	0.000000	
409.000000	2365.808838	524.598022	0.971751	0.093510	84.243111	6.606742	210.000000	210.000000	1.000000	0.000000	0.000000	
410.000000	2376.302002	523.801453	1.005478	0.092890	84.255112	6.917415	210.000000	210.000000	1.000000	0.000000	0.000000	
411.000000	2386.358643	522.959778	1.006820	0.092983	84.267113	6.954662	210.000000	210.000000	1.000000	0.000000	0.000000	
412.000000	2395.931152	522.272400	0.994990	0.094151	84.339111	6.877945	210.000000	210.000000	1.000000	0.000000	0.000000	
413.000000	2405.087402	521.674988	1.003413	0.094086	84.351112	6.965171	210.000000	210.000000	1.000000	0.000000	0.000000	
414.000000	2413.840088	521.163147	0.994772	0.094397	84.363113	6.909269	210.000000	210.000000	1.000000	0.000000	0.000000	
415.000000	2422.156494	520.754272	0.996926	0.093797	84.321114	6.939538	210.000000	210.000000	1.000000	0.000000	0.000000	
416.000000	2430.236328	520.432190	0.993662	0.093985	84.333115	6.923645	210.000000	210.000000	1.000000	0.000000	0.000000	
Time		H (m)		IAS (km/h)	G_vert 		G_horiz 	RPM 		AoA 		Hydro_m 	Hydro_b 	SAU 		Fors 		Trigger 
417.000000	2438.167480	520.119324	0.995416	0.094055	84.345116	6.947955	210.000000	210.000000	1.000000	0.000000	0.000000	
418.000000	2446.038818	519.782349	0.997895	0.093420	84.303116	6.978332	210.000000	210.000000	1.000000	0.000000	0.000000	
419.000000	2453.965820	519.469788	0.985366	0.093814	84.315109	6.881755	210.000000	210.000000	1.000000	0.000000	0.000000	
420.000000	2461.807617	519.202759	0.986907	0.093883	84.327110	6.900961	210.000000	210.000000	1.000000	0.000000	0.000000	
421.000000	2469.504150	518.954956	0.985523	0.093329	84.285110	6.900268	210.000000	210.000000	1.000000	0.000000	0.000000	
422.000000	2477.149902	518.707764	0.991489	0.093289	84.297112	6.958411	210.000000	210.000000	1.000000	0.000000	0.000000	
423.000000	2484.741699	518.463440	0.988958	0.093436	84.309113	6.944828	210.000000	210.000000	1.000000	0.000000	0.000000	
424.000000	2492.226807	518.238403	0.988755	0.094280	84.381111	6.950093	210.000000	210.000000	1.000000	0.000000	0.000000	
425.000000	2499.686279	518.025024	0.986992	0.092971	84.279114	6.947483	210.000000	210.000000	1.000000	0.000000	0.000000	
426.000000	2507.113281	517.766602	1.041258	0.091886	84.291115	7.426954	210.000000	210.000000	1.000000	0.000000	0.000000	
427.000000	2514.857422	517.199707	1.044336	0.092688	84.363113	7.483260	210.000000	210.000000	1.000000	0.000000	0.000000	
428.000000	2523.144043	516.493774	1.082745	0.092120	84.375114	7.832047	210.000000	210.000000	1.000000	0.000000	0.000000	
429.000000	2532.117432	515.593140	0.947732	0.095317	84.387115	6.657597	210.000000	210.000000	1.000000	0.000000	0.000000	
430.000000	2540.641846	515.609619	0.862807	0.096758	84.345116	5.944689	210.000000	210.000000	1.000000	0.000000	0.000000	
431.000000	2548.170166	515.554077	1.016456	0.093252	84.357109	7.258129	210.000000	210.000000	1.000000	0.000000	0.000000	
432.000000	2555.635254	515.305725	0.945938	0.094871	84.369110	6.671619	210.000000	210.000000	1.000000	0.000000	0.000000	
433.000000	2562.652832	515.355164	0.969305	0.093735	84.327110	6.882679	210.000000	210.000000	1.000000	0.000000	0.000000	
434.000000	2569.440186	515.197876	1.002919	0.093019	84.339111	7.163728	210.000000	210.000000	1.000000	0.000000	0.000000	
435.000000	2576.131592	515.188660	0.962491	0.093989	84.351112	6.829450	210.000000	210.000000	1.000000	0.000000	0.000000	
436.000000	2582.358887	515.175842	1.042203	0.091608	84.309113	7.525794	210.000000	210.000000	1.000000	0.000000	0.000000	
437.000000	2588.635010	514.873779	1.037892	0.091774	84.321114	7.496901	210.000000	210.000000	1.000000	0.000000	0.000000	
438.000000	2594.840820	514.737976	1.016569	0.092363	84.333115	7.324532	210.000000	210.000000	1.000000	0.000000	0.000000	
439.000000	2600.662842	514.604309	1.050853	0.092450	84.405113	7.620784	210.000000	210.000000	1.000000	0.000000	0.000000	
440.000000	2606.286621	514.471313	1.033828	0.092902	84.417114	7.481690	210.000000	210.000000	1.000000	0.000000	0.000000	
441.000000	2611.537842	514.470886	1.038868	0.091465	84.315109	7.524772	210.000000	210.000000	1.000000	0.000000	0.000000	
442.000000	2616.345703	514.519043	1.042509	0.092180	84.387115	7.556194	210.000000	210.000000	1.000000	0.000000	0.000000	
443.000000	2620.750244	514.651245	1.047889	0.092150	84.399109	7.601131	210.000000	210.000000	1.000000	0.000000	0.000000	
444.000000	2624.714111	514.819397	1.066737	0.091828	84.411110	7.761827	210.000000	210.000000	1.000000	0.000000	0.000000	
445.000000	2628.299072	514.994324	1.070078	0.091166	84.369110	7.785374	210.000000	210.000000	1.000000	0.000000	0.000000	
446.000000	2631.526611	515.239563	1.066267	0.091333	84.381111	7.744656	210.000000	210.000000	1.000000	0.000000	0.000000	
447.000000	2634.318604	515.595520	1.071623	0.091294	84.393112	7.778230	210.000000	210.000000	1.000000	0.000000	0.000000	
448.000000	2636.747314	516.019287	1.071861	0.090683	84.351112	7.766801	210.000000	210.000000	1.000000	0.000000	0.000000	
449.000000	2638.986572	516.485107	1.074343	0.090689	84.363113	7.772733	210.000000	210.000000	1.000000	0.000000	0.000000	
450.000000	2641.180420	516.952942	1.076325	0.090704	84.375114	7.774298	210.000000	210.000000	1.000000	0.000000	0.000000	
451.000000	2643.451416	517.400269	1.077323	0.090078	84.333115	7.768622	210.000000	210.000000	1.000000	0.000000	0.000000	
452.000000	2645.900635	517.805664	1.078568	0.090119	84.345116	7.766039	210.000000	210.000000	1.000000	0.000000	0.000000	
453.000000	2648.517822	518.172546	1.079615	0.090171	84.357109	7.763110	210.000000	210.000000	1.000000	0.000000	0.000000	
454.000000	2651.265137	518.504517	1.080594	0.090971	84.429115	7.760880	210.000000	210.000000	1.000000	0.000000	0.000000	
455.000000	2654.186279	518.796143	1.082086	0.089602	84.327110	7.764131	210.000000	210.000000	1.000000	0.000000	0.000000	
456.000000	2657.355713	519.007690	1.083478	0.089651	84.339111	7.768138	210.000000	210.000000	1.000000	0.000000	0.000000	
457.000000	2660.843994	519.175171	1.075491	0.090660	84.411110	7.683971	210.000000	210.000000	1.000000	0.000000	0.000000	
458.000000	2664.583740	519.450317	0.995017	0.092481	84.423111	6.969449	210.000000	210.000000	1.000000	0.000000	0.000000	
459.000000	2667.845947	520.232361	0.953090	0.093485	84.435112	6.594226	210.000000	210.000000	1.000000	0.000000	0.000000	
460.000000	2670.215820	521.116455	1.019674	0.091342	84.393112	7.139810	210.000000	210.000000	1.000000	0.000000	0.000000	
461.000000	2672.167236	521.829041	1.065992	0.090337	84.405113	7.527467	210.000000	210.000000	1.000000	0.000000	0.000000	
462.000000	2674.169434	522.308472	1.102817	0.089608	84.417114	7.821758	210.000000	210.000000	1.000000	0.000000	0.000000	
463.000000	2676.506592	522.667419	1.088470	0.089290	84.375114	7.695800	210.000000	210.000000	1.000000	0.000000	0.000000	
464.000000	2679.266846	522.940125	1.114462	0.088855	84.387115	7.908896	210.000000	210.000000	1.000000	0.000000	0.000000	
465.000000	2682.963379	522.857788	1.126010	0.088711	84.399109	8.000628	210.000000	210.000000	1.000000	0.000000	0.000000	
466.000000	2687.821045	522.643127	1.090528	0.088875	84.357109	7.714350	210.000000	210.000000	1.000000	0.000000	0.000000	
467.000000	2693.580811	522.305969	1.096980	0.088887	84.369110	7.778013	210.000000	210.000000	1.000000	0.000000	0.000000	
468.000000	2700.173584	521.750366	1.094215	0.089081	84.381111	7.773470	210.000000	210.000000	1.000000	0.000000	0.000000	
469.000000	2707.550781	521.046265	1.087480	0.088715	84.339111	7.740966	210.000000	210.000000	1.000000	0.000000	0.000000	
470.000000	2715.737061	520.183777	1.086362	0.088922	84.351112	7.759974	210.000000	210.000000	1.000000	0.000000	0.000000	
471.000000	2724.566406	519.173584	1.083167	0.089179	84.363113	7.766026	210.000000	210.000000	1.000000	0.000000	0.000000	
472.000000	2733.752441	518.087097	1.078555	0.090216	84.435112	7.762545	210.000000	210.000000	1.000000	0.000000	0.000000	
473.000000	2743.127686	516.976074	1.076287	0.090458	84.447113	7.779319	210.000000	210.000000	1.000000	0.000000	0.000000	
474.000000	2752.427979	515.881409	1.071262	0.090752	84.459114	7.772410	210.000000	210.000000	1.000000	0.000000	0.000000	
475.000000	2761.480225	514.845398	1.068872	0.090319	84.417114	7.785748	210.000000	210.000000	1.000000	0.000000	0.000000	
476.000000	2770.389404	513.947266	1.065634	0.090560	84.429115	7.790840	210.000000	210.000000	1.000000	0.000000	0.000000	
Time		H (m)		IAS (km/h)	G_vert 		G_horiz 	RPM 		AoA 		Hydro_m 	Hydro_b 	SAU 		Fors 		Trigger 
477.000000	2779.163574	512.992249	1.061971	0.090807	84.441109	7.791073	210.000000	210.000000	1.000000	0.000000	0.000000	
478.000000	2787.822266	512.057861	1.059729	0.090359	84.399109	7.802546	210.000000	210.000000	1.000000	0.000000	0.000000	
479.000000	2796.542969	511.121765	1.056295	0.090597	84.411110	7.803982	210.000000	210.000000	1.000000	0.000000	0.000000	
480.000000	2805.333008	510.183380	1.053484	0.090822	84.423111	7.810962	210.000000	210.000000	1.000000	0.000000	0.000000	
481.000000	2814.188965	509.226532	1.049846	0.090407	84.381111	7.811249	210.000000	210.000000	1.000000	0.000000	0.000000	
482.000000	2823.239258	508.239410	1.046555	0.090647	84.393112	7.815583	210.000000	210.000000	1.000000	0.000000	0.000000	
483.000000	2832.413086	507.241913	1.042320	0.090955	84.405113	7.812210	210.000000	210.000000	1.000000	0.000000	0.000000	
484.000000	2841.574707	506.241974	1.039818	0.092011	84.477112	7.823624	210.000000	210.000000	1.000000	0.000000	0.000000	
485.000000	2850.730469	505.258270	1.035990	0.092360	84.489113	7.822946	210.000000	210.000000	1.000000	0.000000	0.000000	
486.000000	2859.699707	504.429413	1.022654	0.091546	84.387115	7.714710	210.000000	210.000000	1.000000	0.000000	0.000000	
487.000000	2868.141602	503.812134	0.939475	0.094299	84.459114	6.984889	210.000000	210.000000	1.000000	0.000000	0.000000	
488.000000	2875.514648	503.682434	0.948723	0.094209	84.471115	7.067931	210.000000	210.000000	1.000000	0.000000	0.000000	
489.000000	2881.702881	503.703094	0.959179	0.093995	84.483109	7.158979	210.000000	210.000000	1.000000	0.000000	0.000000	
490.000000	2886.722412	504.010712	0.944662	0.093657	84.441109	7.022880	210.000000	210.000000	1.000000	0.000000	0.000000	
491.000000	2890.535156	504.562836	0.978947	0.092829	84.453110	7.320248	210.000000	210.000000	1.000000	0.000000	0.000000	
492.000000	2893.369385	505.156982	0.995834	0.092362	84.465111	7.454918	210.000000	210.000000	1.000000	0.000000	0.000000	
493.000000	2895.443604	505.889648	1.011059	0.091355	84.423111	7.577785	210.000000	210.000000	1.000000	0.000000	0.000000	
494.000000	2897.028320	506.581299	1.042113	0.090706	84.435112	7.831621	210.000000	210.000000	1.000000	0.000000	0.000000	
495.000000	2898.438477	507.260040	1.037145	0.090846	84.447113	7.767443	210.000000	210.000000	1.000000	0.000000	0.000000	
496.000000	2899.751221	507.904694	1.040617	0.090165	84.405113	7.773139	210.000000	210.000000	1.000000	0.000000	0.000000	
497.000000	2901.073730	508.607605	1.041123	0.090191	84.417114	7.756723	210.000000	210.000000	1.000000	0.000000	0.000000	
498.000000	2902.455078	509.284210	1.050757	0.090038	84.429115	7.818796	210.000000	210.000000	1.000000	0.000000	0.000000	
499.000000	2903.941406	509.908508	1.051781	0.090794	84.501114	7.807692	210.000000	210.000000	1.000000	0.000000	0.000000	
500.000000	2905.540039	510.511993	1.052513	0.089450	84.399109	7.794342	210.000000	210.000000	1.000000	0.000000	0.000000	
501.000000	2907.215820	511.086731	1.057101	0.089408	84.411110	7.814856	210.000000	210.000000	1.000000	0.000000	0.000000	
502.000000	2908.988037	511.631500	1.057159	0.090190	84.483109	7.797833	210.000000	210.000000	1.000000	0.000000	0.000000	
503.000000	2910.926270	512.140625	1.059415	0.090203	84.495110	7.800619	210.000000	210.000000	1.000000	0.000000	0.000000	
504.000000	2913.084961	512.591614	1.061418	0.090222	84.507111	7.803047	210.000000	210.000000	1.000000	0.000000	0.000000	
505.000000	2915.518555	512.981079	1.061810	0.089621	84.465111	7.793567	210.000000	210.000000	1.000000	0.000000	0.000000	
506.000000	2918.294678	513.298218	1.061818	0.089728	84.477112	7.763143	210.000000	210.000000	1.000000	0.000000	0.000000	
507.000000	2921.314941	513.709534	0.964715	0.091834	84.489113	6.901276	210.000000	210.000000	1.000000	0.000000	0.000000	
508.000000	2924.038330	514.539246	0.974975	0.091033	84.447113	6.961387	210.000000	210.000000	1.000000	0.000000	0.000000	
509.000000	2926.534668	515.272583	0.987281	0.090754	84.459114	7.039164	210.000000	210.000000	1.000000	0.000000	0.000000	
510.000000	2928.754150	516.159912	0.962674	0.091294	84.471115	6.817796	210.000000	210.000000	1.000000	0.000000	0.000000	
511.000000	2930.445557	516.991394	1.075308	0.088297	84.429115	7.771862	210.000000	210.000000	1.000000	0.000000	0.000000	
512.000000	2932.220459	517.347534	1.120209	0.087410	84.441109	8.164354	210.000000	210.000000	1.000000	0.000000	0.000000	
513.000000	2934.255371	517.544556	1.101801	0.087859	84.453110	7.985112	210.000000	210.000000	1.000000	0.000000	0.000000	
514.000000	2936.190186	518.005066	1.061743	0.088106	84.411110	7.632883	210.000000	210.000000	1.000000	0.000000	0.000000	
515.000000	2937.818848	518.513672	1.092005	0.087559	84.423111	7.867719	210.000000	210.000000	1.000000	0.000000	0.000000	
516.000000	2939.469238	518.979004	1.078527	0.087871	84.435112	7.740897	210.000000	210.000000	1.000000	0.000000	0.000000	
517.000000	2941.285645	519.406738	1.083861	0.088570	84.507111	7.770473	210.000000	210.000000	1.000000	0.000000	0.000000	
518.000000	2943.473389	519.771057	1.086523	0.087184	84.405113	7.781269	210.000000	210.000000	1.000000	0.000000	0.000000	
519.000000	2946.085693	520.059570	1.083772	0.087324	84.417114	7.749546	210.000000	210.000000	1.000000	0.000000	0.000000	
520.000000	2949.044189	520.262329	1.087998	0.088062	84.489113	7.778262	210.000000	210.000000	1.000000	0.000000	0.000000	
521.000000	2952.402100	520.377991	1.086346	0.088187	84.501114	7.761159	210.000000	210.000000	1.000000	0.000000	0.000000	
522.000000	2956.152344	520.414307	1.087201	0.088271	84.513115	7.767303	210.000000	210.000000	1.000000	0.000000	0.000000	
523.000000	2960.291260	520.356995	1.087073	0.087718	84.471115	7.768285	210.000000	210.000000	1.000000	0.000000	0.000000	
524.000000	2964.877686	520.212280	1.086271	0.087850	84.483109	7.766432	210.000000	210.000000	1.000000	0.000000	0.000000	
525.000000	2969.858154	520.041931	1.039453	0.088928	84.495110	7.349658	210.000000	210.000000	1.000000	0.000000	0.000000	
526.000000	2974.688232	520.275513	0.968915	0.089871	84.453110	6.746009	210.000000	210.000000	1.000000	0.000000	0.000000	
527.000000	2978.714844	520.656311	1.023734	0.088781	84.465111	7.207517	210.000000	210.000000	1.000000	0.000000	0.000000	
528.000000	2982.026123	520.934448	1.089592	0.087496	84.477112	7.767186	210.000000	210.000000	1.000000	0.000000	0.000000	
529.000000	2984.918701	521.094971	1.088205	0.086922	84.435112	7.753545	210.000000	210.000000	1.000000	0.000000	0.000000	
530.000000	2987.376709	521.406128	1.083642	0.087110	84.447113	7.706307	210.000000	210.000000	1.000000	0.000000	0.000000	
531.000000	2989.291992	521.803101	1.093917	0.086978	84.459114	7.778268	210.000000	210.000000	1.000000	0.000000	0.000000	
532.000000	2990.716553	522.294495	1.089417	0.087866	84.531113	7.725754	210.000000	210.000000	1.000000	0.000000	0.000000	
533.000000	2991.696533	522.886292	1.094365	0.086430	84.429115	7.747580	210.000000	210.000000	1.000000	0.000000	0.000000	
534.000000	2992.303467	523.543152	1.096177	0.086442	84.441109	7.741744	210.000000	210.000000	1.000000	0.000000	0.000000	
535.000000	2992.609619	524.258057	1.098075	0.087189	84.513115	7.734819	210.000000	210.000000	1.000000	0.000000	0.000000	
536.000000	2992.684082	525.023193	1.088725	0.087424	84.525108	7.614444	210.000000	210.000000	1.000000	0.000000	0.000000	
Time		H (m)		IAS (km/h)	G_vert 		G_horiz 	RPM 		AoA 		Hydro_m 	Hydro_b 	SAU 		Fors 		Trigger 
537.000000	2992.527344	525.966064	0.991724	0.087993	84.423111	6.759847	210.000000	210.000000	1.000000	0.000000	0.000000	
538.000000	2991.617188	527.490723	1.005840	0.088437	84.495110	6.855988	210.000000	210.000000	1.000000	0.000000	0.000000	
539.000000	2990.054443	528.763367	1.106024	0.086377	84.507111	7.624934	210.000000	210.000000	1.000000	0.000000	0.000000	
540.000000	2988.841309	529.986206	1.022896	0.087986	84.519112	6.916746	210.000000	210.000000	1.000000	0.000000	0.000000	
541.000000	2987.953125	531.224426	1.109826	0.085631	84.477112	7.619064	210.000000	210.000000	1.000000	0.000000	0.000000	
542.000000	2987.544678	531.776123	1.202508	0.083972	84.489113	8.351312	210.000000	210.000000	1.000000	0.000000	0.000000	
543.000000	2986.996094	532.282166	1.175318	0.084578	84.501114	8.142024	210.000000	210.000000	1.000000	0.000000	0.000000	
544.000000	2984.677490	532.997009	1.243737	0.082884	84.459114	8.661801	210.000000	210.000000	1.000000	0.000000	0.000000	
545.000000	2979.031738	534.347900	1.187152	0.083951	84.471115	8.153244	210.000000	210.000000	1.000000	0.000000	0.000000	
546.000000	2967.874756	537.192871	1.123527	0.085079	84.483109	7.536083	210.000000	210.000000	1.000000	0.000000	0.000000	
547.000000	2949.604248	541.193909	1.133526	0.083881	84.441109	7.535148	210.000000	210.000000	1.000000	0.000000	0.000000	
548.000000	2924.064697	546.268127	1.529588	0.077724	84.453110	10.444013	210.000000	210.000000	1.000000	0.000000	0.000000	
549.000000	2894.926025	550.452637	1.539312	0.076927	84.465111	10.303631	210.000000	210.000000	1.000000	0.000000	0.000000	
550.000000	2865.550049	555.801086	1.328432	0.078767	84.423111	8.578916	210.000000	210.000000	1.000000	0.000000	0.000000	
551.000000	2835.538086	561.316223	1.500948	0.076060	84.435112	9.654545	210.000000	210.000000	1.000000	0.000000	0.000000	
552.000000	2805.459961	566.143738	1.544400	0.075116	84.447113	9.799146	210.000000	210.000000	1.000000	0.000000	0.000000	
553.000000	2776.043701	570.970154	1.469746	0.074895	84.405113	9.081198	210.000000	210.000000	1.000000	0.000000	0.000000	
554.000000	2747.263916	576.071960	1.462422	0.074630	84.417114	8.848639	210.000000	210.000000	1.000000	0.000000	0.000000	
555.000000	2720.563721	580.915649	1.300415	0.076416	84.429115	7.481788	210.000000	210.000000	1.000000	0.000000	0.000000	
556.000000	2696.240723	586.747559	1.009836	0.080241	84.387115	5.339099	210.000000	210.000000	1.000000	0.000000	0.000000	
557.000000	2672.121826	592.171204	1.090546	0.078063	84.399109	5.710318	210.000000	210.000000	1.000000	0.000000	0.000000	
558.000000	2648.268311	598.169495	1.011329	0.078704	84.411110	5.079980	210.000000	210.000000	1.000000	0.000000	0.000000	
559.000000	2624.215576	604.085205	1.162526	0.074507	84.369110	5.941869	210.000000	210.000000	1.000000	0.000000	0.000000	
560.000000	2599.962891	609.675659	1.156627	0.073820	84.381111	5.796600	210.000000	210.000000	1.000000	0.000000	0.000000	
561.000000	2575.047363	615.172668	1.309356	0.070690	84.393112	6.656104	210.000000	210.000000	1.000000	0.000000	0.000000	
562.000000	2549.805176	620.181641	1.391936	0.068030	84.351112	7.066069	210.000000	210.000000	1.000000	0.000000	0.000000	
563.000000	2524.321777	624.898987	1.445400	0.066479	84.363113	7.273482	210.000000	210.000000	1.000000	0.000000	0.000000	
564.000000	2499.027100	629.450562	1.452713	0.065584	84.375114	7.202805	210.000000	210.000000	1.000000	0.000000	0.000000	
565.000000	2474.097656	633.924072	1.474770	0.063775	84.333115	7.220713	210.000000	210.000000	1.000000	0.000000	0.000000	
566.000000	2449.437500	638.212158	1.487899	0.062843	84.345116	7.189855	210.000000	210.000000	1.000000	0.000000	0.000000	
567.000000	2425.487793	641.898376	1.504253	0.061913	84.357109	7.182138	210.000000	210.000000	1.000000	0.000000	0.000000	
568.000000	2402.689697	645.777344	1.517804	0.060316	84.315109	7.165086	210.000000	210.000000	1.000000	0.000000	0.000000	
569.000000	2381.057617	649.329956	1.531236	0.059539	84.327110	7.153944	210.000000	210.000000	1.000000	0.000000	0.000000	
570.000000	2361.011230	652.531250	1.543085	0.058861	84.339111	7.142373	210.000000	210.000000	1.000000	0.000000	0.000000	
571.000000	2342.917480	655.353577	1.553529	0.057527	84.297112	7.132725	210.000000	210.000000	1.000000	0.000000	0.000000	
572.000000	2326.801514	657.723694	1.562461	0.057075	84.309113	7.124581	210.000000	210.000000	1.000000	0.000000	0.000000	
573.000000	2312.988037	659.627319	1.568931	0.056765	84.321114	7.114051	210.000000	210.000000	1.000000	0.000000	0.000000	
574.000000	2301.583252	661.079407	1.570104	0.055880	84.279114	7.085936	210.000000	210.000000	1.000000	0.000000	0.000000	
575.000000	2291.947021	662.162415	1.577020	0.055785	84.291115	7.096267	210.000000	210.000000	1.000000	0.000000	0.000000	
576.000000	2283.865967	663.086609	1.427936	0.057590	84.303116	6.201255	210.000000	210.000000	1.000000	0.000000	0.000000	
577.000000	2278.330566	664.404114	1.296549	0.058442	84.261108	5.480226	210.000000	210.000000	1.000000	0.000000	0.000000	
578.000000	2275.937988	664.845764	1.491506	0.055778	84.273109	6.529390	210.000000	210.000000	1.000000	0.000000	0.000000	
579.000000	2277.740967	664.385559	1.420795	0.057000	84.285110	6.165710	210.000000	210.000000	1.000000	0.000000	0.000000	
580.000000	2283.239990	663.215454	1.462351	0.056156	84.243111	6.418465	210.000000	210.000000	1.000000	0.000000	0.000000	
581.000000	2292.453125	661.320007	1.417873	0.057467	84.255112	6.212525	210.000000	210.000000	1.000000	0.000000	0.000000	
582.000000	2303.559570	659.225586	1.395463	0.058661	84.267113	6.133194	210.000000	210.000000	1.000000	0.000000	0.000000	
583.000000	2312.279297	657.368286	1.549414	0.058388	84.339111	7.053442	210.000000	210.000000	1.000000	0.000000	0.000000	
584.000000	2314.842041	656.156677	1.524365	0.057406	84.237114	6.947039	210.000000	210.000000	1.000000	0.000000	0.000000	
585.000000	2311.446289	656.258606	1.538126	0.057464	84.249115	7.018311	210.000000	210.000000	1.000000	0.000000	0.000000	
586.000000	2303.428467	657.169556	1.557040	0.058115	84.321114	7.112688	210.000000	210.000000	1.000000	0.000000	0.000000	
587.000000	2291.652100	658.434692	1.566774	0.057807	84.333115	7.118182	210.000000	210.000000	1.000000	0.000000	0.000000	
588.000000	2277.257568	660.489685	1.554351	0.056083	84.231110	7.000453	210.000000	210.000000	1.000000	0.000000	0.000000	
589.000000	2260.865723	662.873352	1.571342	0.056375	84.303116	7.034567	210.000000	210.000000	1.000000	0.000000	0.000000	
590.000000	2242.679443	665.561340	1.578408	0.055871	84.315109	7.008568	210.000000	210.000000	1.000000	0.000000	0.000000	
591.000000	2223.123047	668.478394	1.588671	0.053620	84.213112	6.993227	210.000000	210.000000	1.000000	0.000000	0.000000	
592.000000	2202.658447	671.553467	1.599508	0.053840	84.285110	6.980100	210.000000	210.000000	1.000000	0.000000	0.000000	
593.000000	2181.438965	674.541931	1.738121	0.052021	84.297112	7.667522	210.000000	210.000000	1.000000	0.000000	0.000000	
594.000000	2160.934326	676.733521	1.781507	0.049562	84.195114	7.836673	210.000000	210.000000	1.000000	0.000000	0.000000	
595.000000	2142.523193	678.724670	1.721752	0.050742	84.267113	7.462944	210.000000	210.000000	1.000000	0.000000	0.000000	
596.000000	2126.213135	680.568115	1.658355	0.051144	84.279114	7.071433	210.000000	210.000000	1.000000	0.000000	0.000000	
Time		H (m)		IAS (km/h)	G_vert 		G_horiz 	RPM 		AoA 		Hydro_m 	Hydro_b 	SAU 		Fors 		Trigger 
597.000000	2111.917480	682.259155	1.519510	0.050769	84.177109	6.271549	210.000000	210.000000	1.000000	0.000000	0.000000	
598.000000	2098.942139	684.614441	1.357816	0.053391	84.249115	5.367241	210.000000	210.000000	1.000000	0.000000	0.000000	
599.000000	2086.635742	687.190308	1.343868	0.053076	84.261108	5.258677	210.000000	210.000000	1.000000	0.000000	0.000000	
600.000000	2076.474365	689.083679	1.504943	0.050623	84.273109	6.043509	210.000000	210.000000	1.000000	0.000000	0.000000	
601.000000	2070.812256	689.950623	1.417504	0.050790	84.231110	5.590597	210.000000	210.000000	1.000000	0.000000	0.000000	
602.000000	2069.271973	690.181763	1.452944	0.050501	84.243111	5.743611	210.000000	210.000000	1.000000	0.000000	0.000000	
603.000000	2071.562012	689.989990	1.204626	0.054265	84.255112	4.467081	210.000000	210.000000	1.000000	0.000000	0.000000	
604.000000	2075.356689	689.995483	1.238442	0.053244	84.213112	4.640803	210.000000	210.000000	1.000000	0.000000	0.000000	
605.000000	2078.505859	689.747620	1.392916	0.051263	84.225113	5.456313	210.000000	210.000000	1.000000	0.000000	0.000000	
606.000000	2079.663818	689.529175	1.393373	0.051456	84.237114	5.469478	210.000000	210.000000	1.000000	0.000000	0.000000	
607.000000	2077.945313	689.818604	1.480798	0.049704	84.195114	5.945638	210.000000	210.000000	1.000000	0.000000	0.000000	
608.000000	2073.395020	689.894165	1.651142	0.047910	84.207115	6.809702	210.000000	210.000000	1.000000	0.000000	0.000000	
609.000000	2066.728271	690.195435	1.623759	0.048363	84.219109	6.670469	210.000000	210.000000	1.000000	0.000000	0.000000	
610.000000	2058.288574	690.783813	1.675467	0.047111	84.177109	6.917898	210.000000	210.000000	1.000000	0.000000	0.000000	
611.000000	2048.809570	691.475769	1.645297	0.047433	84.189110	6.740659	210.000000	210.000000	1.000000	0.000000	0.000000	
612.000000	2038.977295	692.443970	1.616229	0.047750	84.201111	6.569478	210.000000	210.000000	1.000000	0.000000	0.000000	
613.000000	2029.073608	693.457886	1.621895	0.046888	84.159111	6.575654	210.000000	210.000000	1.000000	0.000000	0.000000	
614.000000	2019.239136	694.442200	1.623176	0.046869	84.171112	6.561188	210.000000	210.000000	1.000000	0.000000	0.000000	
615.000000	2009.773804	695.330505	1.629106	0.046807	84.183113	6.570985	210.000000	210.000000	1.000000	0.000000	0.000000	
616.000000	2000.972046	696.092896	1.635230	0.047664	84.255112	6.583427	210.000000	210.000000	1.000000	0.000000	0.000000	
617.000000	1992.958496	696.692566	1.631154	0.046091	84.153114	6.545658	210.000000	210.000000	1.000000	0.000000	0.000000	
618.000000	1985.939697	697.142029	1.574629	0.046798	84.165115	6.231725	210.000000	210.000000	1.000000	0.000000	0.000000	
619.000000	1979.510620	697.956543	1.478857	0.048912	84.237114	5.741422	210.000000	210.000000	1.000000	0.000000	0.000000	
620.000000	1972.630493	698.854553	1.523731	0.048329	84.249115	5.942390	210.000000	210.000000	1.000000	0.000000	0.000000	
621.000000	1965.031006	699.858093	1.513765	0.046708	84.147110	5.874610	210.000000	210.000000	1.000000	0.000000	0.000000	
622.000000	1956.482422	701.020630	1.532641	0.047279	84.219109	5.945117	210.000000	210.000000	1.000000	0.000000	0.000000	
623.000000	1946.852661	702.309570	1.573357	0.046698	84.231110	6.137390	210.000000	210.000000	1.000000	0.000000	0.000000	
624.000000	1936.548462	703.327881	1.692876	0.043654	84.129112	6.711895	210.000000	210.000000	1.000000	0.000000	0.000000	
625.000000	1926.814209	703.962219	1.694816	0.044569	84.201111	6.695738	210.000000	210.000000	1.000000	0.000000	0.000000	
626.000000	1920.368042	704.156616	1.633617	0.045288	84.213112	6.362678	210.000000	210.000000	1.000000	0.000000	0.000000	
627.000000	1919.362061	703.887207	1.471396	0.047480	84.225113	5.578114	210.000000	210.000000	1.000000	0.000000	0.000000	
628.000000	1923.166016	703.034485	1.393116	0.048127	84.183113	5.145949	210.000000	210.000000	1.000000	0.000000	0.000000	
629.000000	1930.314697	702.502930	0.989275	0.054989	84.195114	3.117734	210.000000	210.000000	1.000000	0.000000	0.000000	
630.000000	1937.302734	702.736328	0.775820	0.058929	84.207115	2.061253	210.000000	210.000000	1.000000	0.000000	0.000000	
631.000000	1942.833618	702.976929	1.181284	0.045905	83.823112	4.059186	210.000000	210.000000	1.000000	0.000000	0.000000	
632.000000	1948.857178	702.548767	0.964518	0.036567	82.923111	3.015231	210.000000	210.000000	1.000000	0.000000	0.000000	
633.000000	1954.128418	702.070129	1.057288	0.030457	82.593109	3.469532	210.000000	210.000000	1.000000	0.000000	0.000000	
634.000000	1958.258179	701.724243	1.041990	0.028638	82.437111	3.421519	210.000000	210.000000	1.000000	0.000000	0.000000	
635.000000	1960.937134	701.273804	1.265265	0.025351	82.449112	4.570056	210.000000	210.000000	1.000000	0.000000	0.000000	
636.000000	1962.725586	700.332397	1.419876	0.023641	82.461113	5.378562	210.000000	210.000000	1.000000	0.000000	0.000000	
637.000000	1963.291504	699.243408	1.472141	0.022783	82.419113	5.663793	210.000000	210.000000	1.000000	0.000000	0.000000	
638.000000	1961.578125	698.582947	1.462824	0.023391	82.431114	5.632468	210.000000	210.000000	1.000000	0.000000	0.000000	
639.000000	1956.583008	698.438660	1.468699	0.023608	82.443115	5.661614	210.000000	210.000000	1.000000	0.000000	0.000000	
640.000000	1948.225220	698.975525	1.391304	0.023936	82.401115	5.226939	210.000000	210.000000	1.000000	0.000000	0.000000	
641.000000	1938.441895	700.413025	1.205426	0.026465	82.413109	4.241648	210.000000	210.000000	1.000000	0.000000	0.000000	
642.000000	1929.813477	702.000671	1.290275	0.024840	82.425110	4.681498	210.000000	210.000000	1.000000	0.000000	0.000000	
643.000000	1923.631836	702.470459	1.376413	0.022752	82.383110	5.097903	210.000000	210.000000	1.000000	0.000000	0.000000	
644.000000	1920.005737	702.571533	1.369433	0.023110	82.395111	5.059381	210.000000	210.000000	1.000000	0.000000	0.000000	
645.000000	1918.529053	702.284546	1.276645	0.024703	82.407112	4.592898	210.000000	210.000000	1.000000	0.000000	0.000000	
646.000000	1918.444336	702.118958	1.191511	0.025583	82.365112	4.149599	210.000000	210.000000	1.000000	0.000000	0.000000	
647.000000	1918.728760	702.208374	1.051694	0.028037	82.377113	3.447712	210.000000	210.000000	1.000000	0.000000	0.000000	
648.000000	1918.469116	702.520203	1.084092	0.027571	82.389114	3.596722	210.000000	210.000000	1.000000	0.000000	0.000000	
649.000000	1917.691772	702.925293	1.060728	0.028815	82.461113	3.473167	210.000000	210.000000	1.000000	0.000000	0.000000	
650.000000	1916.517700	703.483093	1.010863	0.028056	82.359116	3.207844	210.000000	210.000000	1.000000	0.000000	0.000000	
651.000000	1914.952515	704.259094	0.975777	0.028590	82.371109	3.020502	210.000000	210.000000	1.000000	0.000000	0.000000	
652.000000	1912.808228	705.163696	0.974074	0.029291	82.443115	2.999275	210.000000	210.000000	1.000000	0.000000	0.000000	
653.000000	1910.060425	706.113770	1.072827	0.027395	82.455109	3.498460	210.000000	210.000000	1.000000	0.000000	0.000000	
654.000000	1907.626099	706.597046	1.197784	0.023734	82.353111	4.092582	210.000000	210.000000	1.000000	0.000000	0.000000	
655.000000	1906.341553	707.093079	0.882701	0.029999	82.425110	2.521543	210.000000	210.000000	1.000000	0.000000	0.000000	
656.000000	1904.274292	708.163147	0.972681	0.028312	82.437111	2.953031	210.000000	210.000000	1.000000	0.000000	0.000000	
Time		H (m)		IAS (km/h)	G_vert 		G_horiz 	RPM 		AoA 		Hydro_m 	Hydro_b 	SAU 		Fors 		Trigger 
657.000000	1901.674927	709.068787	0.974164	0.028114	82.449112	2.955883	210.000000	210.000000	1.000000	0.000000	0.000000	
658.000000	1898.845825	709.966797	1.021887	0.026341	82.407112	3.189257	210.000000	210.000000	1.000000	0.000000	0.000000	
659.000000	1896.175781	710.681885	1.102766	0.024900	82.419113	3.576243	210.000000	210.000000	1.000000	0.000000	0.000000	
660.000000	1894.308350	711.216797	1.087192	0.025110	82.431114	3.493871	210.000000	210.000000	1.000000	0.000000	0.000000	
661.000000	1893.184814	711.593140	1.109040	0.023987	82.389114	3.616928	210.000000	210.000000	1.000000	0.000000	0.000000	
662.000000	1893.507813	711.102417	1.511869	0.018630	82.401115	5.583014	210.000000	210.000000	1.000000	0.000000	0.000000	
663.000000	1896.282715	709.830261	1.287144	0.022254	82.413109	4.553400	210.000000	210.000000	1.000000	0.000000	0.000000	
664.000000	1899.665649	708.397644	1.465723	0.019721	82.371109	5.423083	210.000000	210.000000	1.000000	0.000000	0.000000	
665.000000	1904.412354	706.927307	1.123706	0.025371	82.383110	3.749309	210.000000	210.000000	1.000000	0.000000	0.000000	
666.000000	1909.424072	706.199402	1.113792	0.025995	82.395111	3.692940	210.000000	210.000000	1.000000	0.000000	0.000000	
667.000000	1915.063477	705.298462	1.074452	0.026248	82.353111	3.514838	210.000000	210.000000	1.000000	0.000000	0.000000	
668.000000	1921.597900	704.372314	1.156041	0.025348	82.365112	3.928338	210.000000	210.000000	1.000000	0.000000	0.000000	
669.000000	1929.182373	703.092896	0.971053	0.028998	82.377113	2.988706	210.000000	210.000000	1.000000	0.000000	0.000000	
670.000000	1935.938721	702.611267	0.812291	0.033163	82.449112	2.195469	210.000000	210.000000	1.000000	0.000000	0.000000	
671.000000	1940.598145	702.565308	0.878938	0.031945	82.461113	2.551822	210.000000	210.000000	1.000000	0.000000	0.000000	
672.000000	1944.088501	702.473755	1.019811	0.029551	82.473114	3.255056	210.000000	210.000000	1.000000	0.000000	0.000000	
673.000000	1947.404907	702.351685	0.959087	0.030045	82.431114	2.960476	210.000000	210.000000	1.000000	0.000000	0.000000	
674.000000	1950.358521	702.355957	0.938289	0.030603	82.443115	2.841071	210.000000	210.000000	1.000000	0.000000	0.000000	
675.000000	1952.625610	702.637329	0.928644	0.030800	82.455109	2.801780	210.000000	210.000000	1.000000	0.000000	0.000000	
676.000000	1954.210938	702.876892	0.957227	0.029465	82.413109	2.937641	210.000000	210.000000	1.000000	0.000000	0.000000	
677.000000	1955.442993	703.188293	1.046242	0.027940	82.425110	3.394620	210.000000	210.000000	1.000000	0.000000	0.000000	
678.000000	1957.113770	703.020081	1.176856	0.025908	82.437111	4.058829	210.000000	210.000000	1.000000	0.000000	0.000000	
679.000000	1960.342285	702.421753	1.126610	0.026227	82.395111	3.818814	210.000000	210.000000	1.000000	0.000000	0.000000	
680.000000	1964.893921	701.586121	1.315095	0.023888	82.407112	4.815080	210.000000	210.000000	1.000000	0.000000	0.000000	
681.000000	1971.494995	699.591614	1.297885	0.024782	82.419113	4.729593	210.000000	210.000000	1.000000	0.000000	0.000000	
682.000000	1979.507324	698.011353	1.200635	0.026360	82.377113	4.270085	210.000000	210.000000	1.000000	0.000000	0.000000	
683.000000	1988.664307	696.113892	1.215681	0.026785	82.389114	4.366064	210.000000	210.000000	1.000000	0.000000	1.000000	
684.000000	1999.385132	694.146057	1.142167	0.028753	82.401115	4.023710	210.000000	210.000000	1.000000	0.000000	1.000000	
685.000000	2011.193481	692.047791	1.105735	0.030968	82.473114	3.855448	210.000000	210.000000	1.000000	0.000000	0.000000	
686.000000	2023.834839	690.117432	0.924667	0.035022	82.485115	2.889193	210.000000	210.000000	1.000000	0.000000	0.000000	
687.000000	2035.212158	689.176697	0.583950	0.042207	82.497108	1.155757	210.000000	210.000000	1.000000	0.000000	0.000000	
688.000000	2043.011597	688.940308	0.744144	0.038365	82.455109	1.968233	210.000000	210.000000	1.000000	0.000000	1.000000	
689.000000	2048.098389	689.101501	0.837387	0.036894	82.467110	2.485200	210.000000	210.000000	1.000000	0.000000	1.000000	
690.000000	2052.060059	688.703613	1.253855	0.029868	82.479111	4.606465	210.000000	210.000000	1.000000	0.000000	0.000000	
691.000000	2057.641113	687.819824	1.075651	0.032397	82.437111	3.739617	210.000000	210.000000	1.000000	0.000000	0.000000	
692.000000	2064.286133	686.663330	1.299358	0.029348	82.449112	4.902487	210.000000	210.000000	1.000000	0.000000	1.000000	
693.000000	2073.167480	684.832092	1.177469	0.031890	82.461113	4.302160	210.000000	210.000000	1.000000	0.000000	1.000000	
694.000000	2083.541992	683.127380	1.097027	0.033648	82.419113	3.859464	210.000000	210.000000	1.000000	0.000000	1.000000	
695.000000	2094.822754	681.331055	1.128150	0.033793	82.431114	4.050608	210.000000	210.000000	1.000000	0.000000	0.000000	
696.000000	2106.961426	679.273438	1.172922	0.033812	82.443115	4.313813	210.000000	210.000000	1.000000	0.000000	0.000000	
697.000000	2119.998535	676.974487	1.170866	0.035488	82.515114	4.343989	210.000000	210.000000	1.000000	0.000000	0.000000	
698.000000	2133.983643	674.713501	1.245849	0.035186	82.527115	4.789155	210.000000	210.000000	1.000000	0.000000	0.000000	
699.000000	2148.917725	671.845703	1.217001	0.036568	82.539116	4.695191	210.000000	210.000000	1.000000	0.000000	0.000000	
700.000000	2164.640381	668.879761	1.256648	0.036227	82.497108	4.954646	210.000000	210.000000	1.000000	0.000000	0.000000	
701.000000	2181.601318	665.641602	1.239515	0.037651	82.509109	4.879258	210.000000	210.000000	1.000000	0.000000	0.000000	
702.000000	2198.973633	662.898193	0.854951	0.045435	82.521111	2.863781	210.000000	210.000000	1.000000	0.000000	0.000000	
703.000000	2213.224121	661.004211	1.068795	0.041475	82.479111	4.045062	210.000000	210.000000	1.000000	0.000000	0.000000	
704.000000	2223.892822	659.521362	0.926903	0.044708	82.491112	3.217433	210.000000	210.000000	1.000000	0.000000	0.000000	
705.000000	2228.138428	660.143494	0.534843	0.052499	82.503113	1.187319	210.000000	210.000000	1.000000	0.000000	0.000000	
706.000000	2220.433105	661.423767	1.915136	0.032904	82.575111	8.833695	210.000000	210.000000	1.000000	0.000000	0.000000	
707.000000	2189.540039	660.799194	3.049762	0.038860	82.473114	14.965967	210.000000	210.000000	1.000000	0.000000	0.000000	
708.000000	2122.260010	661.007751	3.214743	0.041793	82.485115	15.671571	210.000000	210.000000	1.000000	0.000000	1.000000	
709.000000	2019.622314	669.106079	2.907269	0.033899	82.443115	13.887001	210.000000	210.000000	1.000000	0.000000	1.000000	
710.000000	1884.019287	680.813538	3.804789	0.050248	82.455109	17.542433	210.000000	210.000000	1.000000	0.000000	1.000000	
711.000000	1717.246582	695.092041	4.488112	0.074926	82.353111	20.033594	210.000000	210.000000	1.000000	0.000000	1.000000	
712.000000	1526.937622	708.656677	4.995209	0.097891	82.311111	21.535679	210.000000	210.000000	1.000000	0.000000	0.000000	
713.000000	1326.601440	714.918579	5.686567	0.148438	82.893112	23.809034	210.000000	210.000000	1.000000	0.000000	0.000000	
714.000000	1134.750977	715.054321	6.705810	0.395061	90.543114	27.693541	210.000000	210.000000	1.000000	1.000000	0.000000	
715.000000	969.758179	707.245422	6.771766	0.593826	96.885109	28.303154	210.000000	210.000000	1.000000	1.000000	0.000000	
716.000000	843.608215	696.452209	6.778077	0.677670	98.835114	28.955427	210.000000	210.000000	1.000000	1.000000	0.000000	
Time		H (m)		IAS (km/h)	G_vert 		G_horiz 	RPM 		AoA 		Hydro_m 	Hydro_b 	SAU 		Fors 		Trigger 
717.000000	767.501526	678.317017	6.082541	0.624492	99.531113	27.067822	210.000000	210.000000	1.000000	1.000000	0.000000	
718.000000	736.828918	670.056152	4.361571	0.513143	99.831116	20.303665	210.000000	210.000000	1.000000	1.000000	0.000000	
719.000000	739.875977	663.647644	3.780307	0.495272	99.957115	17.783932	210.000000	210.000000	1.000000	1.000000	0.000000	
720.000000	769.056091	661.424622	2.295267	0.482209	99.969109	10.431200	210.000000	210.000000	1.000000	1.000000	0.000000	
721.000000	809.764832	665.656738	1.820590	0.487349	100.041115	7.883846	210.000000	210.000000	1.000000	1.000000	0.000000	
722.000000	858.007996	668.876038	1.916899	0.481458	99.939110	8.368216	210.000000	210.000000	1.000000	1.000000	0.000000	
723.000000	915.544556	668.899414	2.328609	0.475949	99.951111	10.389464	210.000000	210.000000	1.000000	1.000000	0.000000	
724.000000	980.648743	665.862244	2.297177	0.474681	100.023109	10.362826	210.000000	210.000000	1.000000	1.000000	0.000000	
725.000000	1046.357544	664.464111	2.014159	0.474421	100.035110	8.971708	210.000000	210.000000	1.000000	1.000000	0.000000	
726.000000	1112.956787	663.696838	1.828132	0.473242	100.047112	8.006181	210.000000	210.000000	1.000000	1.000000	0.000000	
727.000000	1185.832886	661.489929	2.214633	0.466410	100.005112	10.032020	210.000000	210.000000	1.000000	1.000000	0.000000	
728.000000	1268.972168	656.714111	1.720636	0.467628	100.017113	7.613551	210.000000	210.000000	1.000000	1.000000	0.000000	
729.000000	1357.498901	652.708130	1.654904	0.465120	100.029114	7.292512	210.000000	210.000000	1.000000	1.000000	0.000000	
730.000000	1450.342041	647.690430	1.298625	0.466319	99.987114	5.456450	210.000000	210.000000	1.000000	1.000000	1.000000	
731.000000	1547.281006	642.661682	1.267237	0.465667	99.999115	5.374932	210.000000	210.000000	1.000000	1.000000	1.000000	
732.000000	1646.838867	636.582092	1.112423	0.464295	100.011108	4.591163	210.000000	210.000000	1.000000	1.000000	1.000000	
733.000000	1746.479370	630.848083	0.767289	0.466454	99.969109	2.627490	210.000000	210.000000	1.000000	1.000000	0.000000	
734.000000	1843.605957	626.208862	0.833565	0.461413	99.981110	3.123587	210.000000	210.000000	1.000000	1.000000	0.000000	
735.000000	1935.254272	622.181885	0.555032	0.464067	99.993111	1.481138	210.000000	210.000000	1.000000	1.000000	0.000000	
736.000000	2017.666138	620.195679	0.996231	0.449827	99.951111	4.256528	210.000000	210.000000	1.000000	1.000000	0.000000	
737.000000	2087.437500	619.486938	0.928830	0.448411	99.963112	3.771188	210.000000	210.000000	1.000000	1.000000	0.000000	
738.000000	2143.313721	622.862732	0.289513	0.461015	99.975113	-0.244195	210.000000	210.000000	1.000000	1.000000	0.000000	
739.000000	2188.695068	628.175598	0.031557	0.466300	100.047112	-1.797321	210.000000	210.000000	1.000000	1.000000	0.000000	
740.000000	2225.624268	635.675903	0.209083	0.457214	99.945114	-0.651971	210.000000	210.000000	1.000000	1.000000	0.000000	
741.000000	2254.780762	644.019043	1.175706	0.436718	99.957115	4.766466	210.000000	210.000000	1.000000	1.000000	0.000000	
742.000000	2279.812500	652.447693	0.760538	0.445338	100.029114	2.403070	210.000000	210.000000	1.000000	1.000000	0.000000	
743.000000	2302.573975	661.701721	1.246672	0.436557	100.041115	4.943374	210.000000	210.000000	1.000000	1.000000	0.000000	
744.000000	2327.719727	667.926819	2.371742	0.427987	100.053116	10.858481	210.000000	210.000000	1.000000	1.000000	0.000000	
745.000000	2364.670654	666.147095	2.625970	0.425724	100.011108	12.129496	210.000000	210.000000	1.000000	1.000000	0.000000	
746.000000	2415.955078	663.236328	2.710149	0.425891	100.023109	12.785917	210.000000	210.000000	1.000000	1.000000	0.000000	
747.000000	2483.160400	654.097412	2.725035	0.421732	100.035110	13.118591	210.000000	210.000000	1.000000	1.000000	1.000000	
748.000000	2565.271240	644.632568	2.463687	0.417527	99.993111	12.186125	210.000000	210.000000	1.000000	1.000000	1.000000	
749.000000	2659.193359	632.105774	2.754004	0.416793	100.005112	14.161202	210.000000	210.000000	1.000000	1.000000	1.000000	
750.000000	2762.129395	618.106140	1.964549	0.409072	100.017113	10.235827	210.000000	210.000000	1.000000	1.000000	0.000000	
751.000000	2870.623779	605.743225	1.815961	0.404860	99.975113	9.814663	210.000000	210.000000	1.000000	1.000000	0.000000	
752.000000	2985.179199	591.153503	2.118958	0.400405	99.987114	12.207149	210.000000	210.000000	1.000000	1.000000	0.000000	
753.000000	3106.563477	574.231201	1.727963	0.398314	99.999115	10.308741	210.000000	210.000000	1.000000	1.000000	0.000000	
754.000000	3231.678467	558.088135	1.775794	0.393637	99.957115	11.323733	210.000000	210.000000	1.000000	1.000000	0.000000	
755.000000	3360.193359	539.007080	1.831355	0.389212	99.969109	12.505134	210.000000	210.000000	1.000000	1.000000	0.000000	
756.000000	3490.676025	519.699768	1.777704	0.386149	99.981110	13.154026	210.000000	210.000000	1.000000	1.000000	0.000000	
757.000000	3621.808105	497.302582	1.971674	0.382579	100.053116	15.840749	210.000000	210.000000	1.000000	1.000000	0.000000	
758.000000	3755.117920	473.948059	1.719340	0.376952	99.951111	15.120474	210.000000	210.000000	1.000000	1.000000	0.000000	
759.000000	3887.847168	453.085815	1.485951	0.375990	99.963112	14.099065	210.000000	210.000000	1.000000	1.000000	0.000000	
760.000000	4016.685791	432.373993	0.985295	0.381673	100.035110	10.037024	210.000000	210.000000	1.000000	1.000000	0.000000	
761.000000	4140.526855	413.217682	1.172765	0.375785	100.047112	13.399411	210.000000	210.000000	1.000000	1.000000	0.000000	
762.000000	4254.880859	392.530945	1.390646	0.370677	99.945114	17.433167	210.000000	210.000000	1.000000	1.000000	0.000000	
763.000000	4357.012695	374.404419	0.915252	0.374682	100.017113	12.305391	210.000000	210.000000	1.000000	1.000000	0.000000	
764.000000	4450.293457	360.727386	0.657807	0.378710	100.029114	9.288180	210.000000	210.000000	1.000000	1.000000	0.000000	
765.000000	4535.264160	349.065521	0.649295	0.376624	100.041115	9.788371	210.000000	210.000000	1.000000	1.000000	0.000000	
766.000000	4611.012695	339.073914	0.658858	0.374098	99.999115	10.648659	210.000000	210.000000	1.000000	1.000000	0.000000	
767.000000	4677.296387	331.021301	0.671441	0.372142	100.011108	11.170779	210.000000	210.000000	1.000000	1.000000	0.000000	
768.000000	4733.125000	326.110138	0.371661	0.379492	100.023109	5.743320	210.000000	210.000000	1.000000	1.000000	0.000000	
769.000000	4779.023926	324.817474	0.202369	0.382915	99.981110	2.482860	210.000000	210.000000	1.000000	1.000000	0.000000	
770.000000	4815.839844	325.670349	0.353105	0.377355	99.993111	5.392950	210.000000	210.000000	1.000000	1.000000	0.000000	
771.000000	4842.048828	319.314880	0.280464	-0.049223	97.329109	6.591327	210.000000	210.000000	0.000000	1.000000	0.000000	
772.000000	4856.394043	313.834381	0.150915	-0.043663	94.341110	2.783163	210.000000	210.000000	0.000000	1.000000	0.000000	
773.000000	4859.458984	311.630096	0.130111	-0.042437	91.335114	2.193474	210.000000	210.000000	0.000000	1.000000	0.000000	
774.000000	4851.493652	312.329559	0.164311	-0.043665	88.329109	3.255170	210.000000	210.000000	0.000000	1.000000	0.000000	
775.000000	4832.834473	315.825897	0.158842	-0.044323	85.341110	2.983905	210.000000	210.000000	0.000000	1.000000	0.000000	
776.000000	4803.829102	322.006653	0.097848	-0.043077	82.335114	3.322935	210.000000	210.000000	0.000000	1.000000	0.000000	
Time		H (m)		IAS (km/h)	G_vert 		G_horiz 	RPM 		AoA 		Hydro_m 	Hydro_b 	SAU 		Fors 		Trigger 
777.000000	4765.176758	330.498566	0.159207	-0.047102	79.329109	6.164052	210.000000	210.000000	0.000000	1.000000	0.000000	
778.000000	4717.941406	340.655090	0.227261	-0.051681	76.341110	8.845549	210.000000	210.000000	0.000000	1.000000	0.000000	
779.000000	4662.591797	351.046295	0.252244	-0.055370	73.335114	9.258185	210.000000	210.000000	0.000000	1.000000	0.000000	
780.000000	4599.693848	363.718750	0.315643	-0.060155	70.329109	11.007491	210.000000	210.000000	0.000000	1.000000	0.000000	
781.000000	4528.645508	377.659973	0.267655	-0.061399	67.341110	11.812510	210.000000	210.000000	0.000000	1.000000	0.000000	
782.000000	4447.292969	394.162109	0.119819	-0.057560	64.335114	20.003344	210.000000	210.000000	0.000000	1.000000	0.000000	
783.000000	4355.832520	411.884613	0.030602	-0.056531	61.329113	28.997488	210.000000	210.000000	0.000000	1.000000	0.000000	
784.000000	4255.098633	431.880920	0.042593	-0.056360	58.341110	38.031246	210.000000	210.000000	0.000000	1.000000	0.000000	
785.000000	4144.295898	453.292725	0.051276	-0.058546	55.335114	42.249016	210.000000	210.000000	0.000000	1.000000	0.000000	
786.000000	4024.049316	475.738556	0.059872	-0.061687	52.329113	45.156689	210.000000	210.000000	0.000000	1.000000	0.000000	
787.000000	3895.233398	499.227600	0.069751	-0.064921	49.341110	48.031353	210.000000	210.000000	0.000000	1.000000	0.000000	
788.000000	3756.401855	515.510803	0.080982	-0.067798	46.335114	50.994221	210.000000	210.000000	0.000000	1.000000	0.000000	
789.000000	3608.403809	507.260254	0.093619	-0.070055	43.329113	54.065060	210.000000	210.000000	0.000000	1.000000	0.000000	
790.000000	3452.324707	491.832977	0.107631	-0.071417	40.341110	57.238358	210.000000	210.000000	0.000000	1.000000	0.000000	
791.000000	3286.411865	468.917908	0.123166	-0.071595	37.335114	60.557171	210.000000	210.000000	0.000000	1.000000	0.000000	
792.000000	3111.718750	438.093048	0.140088	-0.070274	34.329113	63.999458	210.000000	210.000000	0.000000	1.000000	0.000000	
793.000000	2929.521484	398.718689	0.158294	-0.067214	31.341112	67.539185	210.000000	210.000000	0.000000	1.000000	0.000000	
794.000000	2737.789551	350.119537	0.177898	-0.062055	28.335112	71.214111	210.000000	210.000000	0.000000	1.000000	0.000000	
795.000000	2537.772949	292.695801	0.198633	-0.054480	25.329113	74.998482	210.000000	210.000000	0.000000	1.000000	0.000000	
796.000000	2330.934082	226.224777	0.220519	-0.044298	22.341112	78.863983	210.000000	210.000000	0.000000	1.000000	0.000000	
797.000000	2114.988037	150.469864	0.243661	-0.030989	19.335112	82.855019	210.000000	210.000000	0.000000	1.000000	0.000000	
798.000000	1891.382813	66.886398	0.267088	-0.014182	16.329113	86.940575	210.000000	210.000000	0.000000	1.000000	0.000000	
799.000000	1661.762451	-15.336826	0.290305	0.006328	13.341112	91.102646	210.000000	210.000000	0.000000	1.000000	0.000000	
800.000000	1423.616455	-113.731903	0.313979	0.031423	10.335113	95.437767	210.000000	210.000000	0.000000	1.000000	0.000000	
801.000000	1178.603638	-220.003983	0.335101	0.061489	7.329112	99.983513	209.850006	209.850006	0.000000	1.000000	0.000000	
802.000000	928.748596	-322.147034	0.349746	0.092461	4.341112	104.363503	209.250000	209.250000	0.000000	1.000000	0.000000	
