Time		H (m)		IAS (km/h)	G_vert 		G_horiz 	RPM 		AoA 		Hydro_m 	Hydro_b 	SAU 		Fors 		Trigger 
1.000000	4998.500000	0.000000	1.000000	-0.000000	69.746300	1.499990	210.000000	210.000000	0.000000	0.000000	0.000000	
2.000000	4995.989746	771.670654	0.213558	-0.182842	66.176300	-0.876977	210.000000	210.000000	0.000000	0.000000	0.000000	
3.000000	4987.548340	767.471985	0.738181	-0.191533	65.732300	1.600385	210.000000	210.000000	0.000000	0.000000	0.000000	
4.000000	4977.004883	764.237671	1.379134	-0.127113	74.696297	4.733841	210.000000	210.000000	0.000000	0.000000	0.000000	
5.000000	4969.520996	760.712952	1.512989	-0.083348	79.382301	5.402287	210.000000	210.000000	0.000000	0.000000	0.000000	
6.000000	4966.989746	757.925842	1.437069	-0.070170	80.420296	5.094646	210.000000	210.000000	0.000000	0.000000	0.000000	
7.000000	4968.506836	754.425781	1.382605	-0.065921	80.606300	4.746318	210.000000	210.000000	0.000000	0.000000	0.000000	
8.000000	4972.614258	751.681213	0.937433	-0.059554	80.732300	2.771052	210.000000	210.000000	0.000000	0.000000	0.000000	
9.000000	4977.143555	748.549438	1.174823	-0.059326	80.744301	3.905084	210.000000	210.000000	0.000000	0.000000	0.000000	
10.000000	4982.494141	746.136841	0.267261	-0.044060	80.816299	-0.575970	210.000000	210.000000	0.000000	0.000000	0.000000	
11.000000	4982.907227	744.649658	1.123488	-0.054903	80.828300	3.707085	210.000000	210.000000	0.000000	0.000000	0.000000	
12.000000	4983.277832	742.489075	1.023213	-0.052663	80.840302	3.254241	210.000000	210.000000	0.000000	0.000000	0.000000	
13.000000	4984.499023	740.358704	1.328615	-0.053049	80.798302	4.801414	210.000000	210.000000	0.000000	0.000000	0.000000	
14.000000	4988.139648	737.255737	1.193767	-0.050468	80.810295	4.188237	210.000000	210.000000	0.000000	0.000000	0.000000	
15.000000	4994.046875	734.303162	1.245245	-0.048442	80.822296	4.478661	210.000000	210.000000	0.000000	0.000000	0.000000	
16.000000	5001.945801	730.972412	1.075655	-0.045768	80.780296	3.662164	210.000000	210.000000	0.000000	0.000000	0.000000	
17.000000	5010.974121	727.872437	1.133201	-0.043940	80.792297	3.985874	210.000000	210.000000	0.000000	0.000000	0.000000	
18.000000	5021.030273	724.560364	1.014392	-0.040882	80.804298	3.398175	210.000000	210.000000	0.000000	0.000000	0.000000	
19.000000	5031.126953	721.648621	0.951494	-0.037613	80.876297	3.115388	210.000000	210.000000	0.000000	0.000000	0.000000	
20.000000	5040.791016	718.739746	0.965935	-0.035915	80.888298	3.220342	210.000000	210.000000	0.000000	0.000000	0.000000	
21.000000	5050.008789	716.121094	0.838871	-0.033941	80.786301	2.578030	210.000000	210.000000	0.000000	0.000000	0.000000	
22.000000	5057.828613	714.000671	0.896231	-0.032880	80.858299	2.897131	210.000000	210.000000	0.000000	0.000000	0.000000	
23.000000	5064.510742	711.824280	0.852640	-0.031418	80.870300	2.694892	210.000000	210.000000	0.000000	0.000000	0.000000	
24.000000	5069.812988	709.896545	0.867081	-0.030693	80.882301	2.788984	210.000000	210.000000	0.000000	0.000000	0.000000	
25.000000	5073.730957	708.180359	0.848906	-0.030237	80.840302	2.711926	210.000000	210.000000	0.000000	0.000000	0.000000	
26.000000	5076.215332	706.714233	0.853265	-0.029572	80.852295	2.749860	210.000000	210.000000	0.000000	0.000000	0.000000	
27.000000	5077.236328	705.481262	0.843964	-0.028830	80.864296	2.713310	210.000000	210.000000	0.000000	0.000000	0.000000	
28.000000	5076.744141	704.484741	0.844571	-0.028846	80.822296	2.726377	210.000000	210.000000	0.000000	0.000000	0.000000	
29.000000	5074.721680	703.732483	0.841012	-0.028342	80.834297	2.715043	210.000000	210.000000	0.000000	0.000000	0.000000	
30.000000	5071.144531	703.219238	0.839161	-0.027962	80.846298	2.719867	210.000000	210.000000	0.000000	0.000000	0.000000	
31.000000	5066.325684	702.684204	1.081662	-0.030588	80.804298	4.089051	210.000000	210.000000	0.000000	0.000000	0.000000	
32.000000	5062.272949	701.597229	1.343806	-0.031498	80.816299	5.531256	210.000000	210.000000	0.000000	0.000000	0.000000	
33.000000	5061.118652	699.664063	1.238335	-0.030221	80.828300	5.008641	210.000000	210.000000	0.000000	0.000000	0.000000	
34.000000	5062.552734	697.759644	1.292976	-0.010896	82.610298	5.327445	210.000000	210.000000	0.000000	0.000000	0.000000	
35.000000	5066.667480	695.868652	1.187679	0.000628	83.534302	4.779548	210.000000	210.000000	0.000000	0.000000	0.000000	
36.000000	5072.777832	694.129089	1.181324	0.005394	83.888298	4.765322	210.000000	210.000000	0.000000	0.000000	0.000000	
37.000000	5080.586914	692.112183	1.250188	0.006479	83.960297	5.158008	210.000000	210.000000	0.000000	0.000000	0.000000	
38.000000	5090.334473	690.007935	1.017160	0.008973	83.972298	3.916754	210.000000	210.000000	0.000000	0.000000	0.000000	
39.000000	5100.633789	688.016785	1.109030	0.008966	83.984299	4.425407	210.000000	210.000000	0.000000	0.000000	0.000000	
40.000000	5111.389648	686.095520	0.930119	0.012093	84.056297	3.444626	210.000000	210.000000	0.000000	0.000000	0.000000	
41.000000	5121.575684	684.522095	0.855887	0.013561	84.068298	3.037536	210.000000	210.000000	0.000000	0.000000	0.000000	
42.000000	5130.467285	683.341064	0.895390	0.013649	84.080299	3.274956	210.000000	210.000000	0.000000	0.000000	0.000000	
43.000000	5138.209473	682.110291	0.996920	0.012456	84.038300	3.906311	210.000000	210.000000	0.000000	0.000000	0.000000	
44.000000	5145.992188	680.540100	1.058303	0.012376	84.050301	4.269589	210.000000	210.000000	0.000000	0.000000	0.000000	
45.000000	5154.259766	679.039001	1.010323	0.013481	84.062302	4.024332	210.000000	210.000000	0.000000	0.000000	0.000000	
46.000000	5162.611328	677.467468	1.035660	0.013188	84.020302	4.188467	210.000000	210.000000	0.000000	0.000000	0.000000	
47.000000	5171.273926	675.910461	1.023581	0.013928	84.032295	4.146818	210.000000	210.000000	0.000000	0.000000	0.000000	
48.000000	5180.076660	674.300415	1.025317	0.014500	84.044296	4.179187	210.000000	210.000000	0.000000	0.000000	0.000000	
49.000000	5188.912598	672.755249	0.974244	0.016272	84.116295	3.900903	210.000000	210.000000	0.000000	0.000000	0.000000	
50.000000	5197.458496	671.348633	0.985791	0.016732	84.128296	3.985755	210.000000	210.000000	0.000000	0.000000	0.000000	
51.000000	5205.567871	670.041687	0.835278	0.017636	84.026299	3.082889	210.000000	210.000000	0.000000	0.000000	0.000000	
52.000000	5212.109375	669.400330	0.878245	0.018307	84.098297	3.346078	210.000000	210.000000	0.000000	0.000000	0.000000	
53.000000	5217.117188	668.750244	0.738440	0.021507	84.224297	2.558291	210.000000	210.000000	0.000000	0.000000	0.000000	
54.000000	5220.139160	668.611206	0.919125	0.022112	84.464294	3.603857	210.000000	210.000000	0.000000	0.000000	0.000000	
55.000000	5221.902832	668.562134	0.764864	0.026081	84.650299	2.695203	210.000000	210.000000	0.000000	0.000000	0.000000	
56.000000	5221.636230	669.083008	0.846841	0.025102	84.662300	3.173751	210.000000	210.000000	0.000000	0.000000	0.000000	
57.000000	5219.619629	669.656555	0.841889	0.025033	84.674301	3.139863	210.000000	210.000000	0.000000	0.000000	0.000000	
58.000000	5216.026855	670.571655	0.848044	0.025544	84.746300	3.202137	210.000000	210.000000	0.000000	0.000000	0.000000	
59.000000	5211.161133	671.358948	1.021762	0.023519	84.758301	4.181870	210.000000	210.000000	0.000000	0.000000	0.000000	
60.000000	5206.113770	672.222107	0.919686	0.024509	84.770302	3.590452	210.000000	210.000000	0.000000	0.000000	0.000000	
Time		H (m)		IAS (km/h)	G_vert 		G_horiz 	RPM 		AoA 		Hydro_m 	Hydro_b 	SAU 		Fors 		Trigger 
61.000000	5200.509766	673.120361	0.998666	0.022929	84.728294	4.026703	210.000000	210.000000	0.000000	0.000000	0.000000	
62.000000	5194.693359	673.956482	0.943733	0.023381	84.740295	3.699604	210.000000	210.000000	0.000000	0.000000	0.000000	
63.000000	5188.446289	674.957764	0.980532	0.022872	84.752296	3.892782	210.000000	210.000000	0.000000	0.000000	0.000000	
64.000000	5181.971680	675.968018	0.962832	0.022276	84.710297	3.778384	210.000000	210.000000	0.000000	0.000000	0.000000	
65.000000	5175.132324	677.036743	0.978131	0.021972	84.722298	3.848761	210.000000	210.000000	0.000000	0.000000	0.000000	
66.000000	5168.031738	678.116882	0.973906	0.021855	84.734299	3.809330	210.000000	210.000000	0.000000	0.000000	0.000000	
67.000000	5160.698242	679.235352	0.977459	0.021020	84.692299	3.812007	210.000000	210.000000	0.000000	0.000000	0.000000	
68.000000	5153.038574	680.400146	0.952807	0.021090	84.704300	3.636537	210.000000	210.000000	0.000000	0.000000	0.000000	
69.000000	5144.741211	681.776794	0.940130	0.021034	84.716301	3.562631	210.000000	210.000000	0.000000	0.000000	0.000000	
70.000000	5135.901367	683.016479	1.097229	0.018667	84.674301	4.499360	210.000000	210.000000	0.000000	0.000000	0.000000	
71.000000	5128.145996	683.471008	1.302976	0.017312	84.686295	5.618065	210.000000	210.000000	0.000000	0.000000	0.000000	
72.000000	5122.874023	683.640747	1.183665	0.018181	84.698296	4.961535	210.000000	210.000000	0.000000	0.000000	0.000000	
73.000000	5119.555176	683.527588	1.254376	0.017300	84.656296	5.348414	210.000000	210.000000	0.000000	0.000000	0.000000	
74.000000	5118.466797	683.108704	1.149963	0.018224	84.668297	4.736601	210.000000	210.000000	0.000000	0.000000	0.000000	
75.000000	5118.490234	683.008057	0.899027	0.020814	84.680298	3.337241	210.000000	210.000000	0.000000	0.000000	0.000000	
76.000000	5118.332031	682.757507	1.338606	0.017069	84.638298	5.797402	210.000000	210.000000	0.000000	0.000000	0.000000	
77.000000	5120.310059	681.957764	0.953250	0.020138	84.650299	3.665352	210.000000	210.000000	0.000000	0.000000	0.000000	
78.000000	5122.626465	681.527649	1.183220	0.018616	84.662300	4.966668	210.000000	210.000000	0.000000	0.000000	0.000000	
79.000000	5126.314941	680.426392	1.137007	0.019959	84.734299	4.733456	210.000000	210.000000	0.000000	0.000000	0.000000	
80.000000	5131.560547	679.296204	1.176800	0.020244	84.746300	4.974093	210.000000	210.000000	0.000000	0.000000	0.000000	
81.000000	5138.401367	677.808350	1.148543	0.019619	84.644295	4.841820	210.000000	210.000000	0.000000	0.000000	0.000000	
82.000000	5146.718262	676.355957	1.156363	0.020914	84.716301	4.911891	210.000000	210.000000	0.000000	0.000000	0.000000	
83.000000	5156.565918	674.505188	1.144786	0.021652	84.728294	4.878152	210.000000	210.000000	0.000000	0.000000	0.000000	
84.000000	5167.820313	672.520081	1.078516	0.022872	84.740295	4.516993	210.000000	210.000000	0.000000	0.000000	0.000000	
85.000000	5179.814941	670.601868	1.014972	0.023538	84.698296	4.134288	210.000000	210.000000	0.000000	0.000000	0.000000	
86.000000	5191.713867	669.057983	0.768122	0.027001	84.710297	2.715051	210.000000	210.000000	0.000000	0.000000	0.000000	
87.000000	5201.735840	668.017273	0.768952	0.027302	84.722298	2.769177	210.000000	210.000000	0.000000	0.000000	0.000000	
88.000000	5210.102539	666.826416	1.215963	0.022743	84.680298	5.389632	210.000000	210.000000	0.000000	0.000000	0.000000	
89.000000	5219.535156	665.173340	0.955735	0.025409	84.692299	3.921764	210.000000	210.000000	0.000000	0.000000	0.000000	
90.000000	5229.062500	663.769348	1.093256	0.024708	84.704300	4.737428	210.000000	210.000000	0.000000	0.000000	0.000000	
91.000000	5238.994141	662.274780	0.821897	0.028722	84.776299	3.119441	210.000000	210.000000	0.000000	0.000000	0.000000	
92.000000	5247.655273	661.631104	0.916643	0.032117	85.130295	3.697166	210.000000	210.000000	0.000000	0.000000	0.000000	
93.000000	5255.142578	660.783203	0.889345	0.033937	85.256302	3.550240	210.000000	210.000000	0.000000	0.000000	0.000000	
94.000000	5261.458008	660.350281	0.907529	0.034759	85.328300	3.675647	210.000000	210.000000	0.000000	0.000000	0.000000	
95.000000	5266.671875	659.828430	1.078776	0.033245	85.340302	4.723294	210.000000	210.000000	0.000000	0.000000	0.000000	
96.000000	5271.963379	659.112915	1.014352	0.034079	85.352295	4.356020	210.000000	210.000000	0.000000	0.000000	0.000000	
97.000000	5277.122070	658.618103	0.938334	0.034493	85.310295	3.891714	210.000000	210.000000	0.000000	0.000000	0.000000	
98.000000	5281.767578	658.294678	0.970407	0.034379	85.322296	4.085123	210.000000	210.000000	0.000000	0.000000	0.000000	
99.000000	5286.066895	657.909851	1.058890	0.033757	85.334297	4.671138	210.000000	210.000000	0.000000	0.000000	0.000000	
100.000000	5290.590820	657.069458	1.172289	0.032469	85.292297	5.317927	210.000000	210.000000	0.000000	0.000000	0.000000	
101.000000	5295.280273	656.594543	0.932651	0.034978	85.304298	3.922757	210.000000	210.000000	0.000000	0.000000	0.000000	
102.000000	5298.808105	656.039673	1.292776	0.032525	85.316299	6.117238	210.000000	210.000000	0.000000	0.000000	0.000000	
103.000000	5303.585938	654.877136	1.186988	0.034060	85.388298	5.515117	210.000000	210.000000	0.000000	0.000000	0.000000	
104.000000	5310.043945	653.720520	1.223969	0.033062	85.286301	5.756511	210.000000	210.000000	0.000000	0.000000	0.000000	
105.000000	5318.381348	652.165466	1.107118	0.034280	85.298302	5.065103	210.000000	210.000000	0.000000	0.000000	0.000000	
106.000000	5327.890137	650.772156	1.126761	0.035429	85.370300	5.189608	210.000000	210.000000	0.000000	0.000000	0.000000	
107.000000	5338.335449	649.281189	0.922525	0.037820	85.382301	3.897148	210.000000	210.000000	0.000000	0.000000	0.000000	
108.000000	5347.850586	648.567993	0.873282	0.038856	85.394295	3.651543	210.000000	210.000000	0.000000	0.000000	0.000000	
109.000000	5356.031250	647.603271	0.989047	0.037091	85.352295	4.364966	210.000000	210.000000	0.000000	0.000000	0.000000	
110.000000	5363.753418	646.945313	0.950142	0.037946	85.364296	4.176994	210.000000	210.000000	0.000000	0.000000	0.000000	
111.000000	5371.082520	645.940796	1.087590	0.036870	85.376297	5.027762	210.000000	210.000000	0.000000	0.000000	0.000000	
112.000000	5378.811523	645.018921	1.002747	0.037449	85.334297	4.495464	210.000000	210.000000	0.000000	0.000000	0.000000	
113.000000	5385.964355	644.354126	0.908702	0.038652	85.346298	3.936754	210.000000	210.000000	0.000000	0.000000	0.000000	
114.000000	5392.134277	643.826233	1.094911	0.037150	85.358299	5.135328	210.000000	210.000000	0.000000	0.000000	0.000000	
115.000000	5398.656250	642.785095	1.050373	0.037103	85.316299	4.867555	210.000000	210.000000	0.000000	0.000000	0.000000	
116.000000	5405.604492	642.020508	1.032507	0.037711	85.328300	4.773075	210.000000	210.000000	0.000000	0.000000	1.000000	
117.000000	5412.766602	641.057800	1.067178	0.038098	85.340302	4.956069	210.000000	210.000000	0.000000	0.000000	1.000000	
118.000000	5420.492188	640.032715	1.091011	0.039007	85.412300	5.121360	210.000000	210.000000	0.000000	0.000000	0.000000	
119.000000	5428.971191	638.853088	1.006028	0.038788	85.310295	4.570148	210.000000	210.000000	0.000000	0.000000	0.000000	
120.000000	5437.320313	638.169617	0.904549	0.040309	85.322296	3.963697	210.000000	210.000000	0.000000	0.000000	0.000000	
Time		H (m)		IAS (km/h)	G_vert 		G_horiz 	RPM 		AoA 		Hydro_m 	Hydro_b 	SAU 		Fors 		Trigger 
121.000000	5444.867188	637.402832	0.996590	0.040213	85.394295	4.544532	210.000000	210.000000	0.000000	0.000000	0.000000	
122.000000	5452.259277	636.754944	0.929557	0.041229	85.406296	4.143580	210.000000	210.000000	0.000000	0.000000	0.000000	
123.000000	5459.096191	636.217468	0.978303	0.040937	85.418297	4.454769	210.000000	210.000000	0.000000	0.000000	0.000000	
124.000000	5465.597168	635.655518	0.954924	0.040798	85.376297	4.323138	210.000000	210.000000	0.000000	0.000000	0.000000	
125.000000	5471.721191	635.184082	0.895595	0.041713	85.388298	3.941940	210.000000	210.000000	0.000000	0.000000	0.000000	
126.000000	5476.693359	635.000732	0.973360	0.041075	85.400299	4.435687	210.000000	210.000000	0.000000	0.000000	0.000000	
127.000000	5479.835938	634.887451	0.972665	0.040555	85.358299	4.447468	210.000000	210.000000	0.000000	0.000000	0.000000	
128.000000	5480.060547	635.242676	0.993962	0.040420	85.370300	4.581895	210.000000	210.000000	0.000000	0.000000	0.000000	
129.000000	5476.399414	636.132751	0.951550	0.040765	85.382301	4.307462	210.000000	210.000000	0.000000	0.000000	0.000000	
130.000000	5468.083008	637.715271	1.015537	0.039280	85.340302	4.634487	210.000000	210.000000	0.000000	0.000000	0.000000	
131.000000	5454.439941	640.276123	0.907974	0.039982	85.352295	3.956445	210.000000	210.000000	0.000000	0.000000	0.000000	
132.000000	5434.708984	644.228638	-0.225575	0.064155	85.364296	-3.324958	210.000000	210.000000	0.000000	0.000000	0.000000	
133.000000	5406.097656	649.156494	1.232183	0.034986	85.322296	5.713822	210.000000	210.000000	0.000000	0.000000	0.000000	
134.000000	5376.621582	653.169434	0.877005	0.036476	85.334297	3.550465	210.000000	210.000000	0.000000	0.000000	0.000000	
135.000000	5346.304199	658.134888	1.253384	0.032522	85.346298	5.712354	210.000000	210.000000	0.000000	0.000000	0.000000	
136.000000	5315.622070	662.376221	1.021615	0.032296	85.304298	4.309585	210.000000	210.000000	0.000000	0.000000	0.000000	
137.000000	5283.224121	667.280762	1.189228	0.030056	85.316299	5.172237	210.000000	210.000000	0.000000	0.000000	0.000000	
138.000000	5249.631836	672.041138	1.087622	0.029587	85.328300	4.569460	210.000000	210.000000	0.000000	0.000000	0.000000	
139.000000	5216.491211	676.586487	1.350937	0.026252	85.286301	5.922974	210.000000	210.000000	0.000000	0.000000	0.000000	
140.000000	5185.734863	680.735718	1.157725	0.026355	85.298302	4.790935	210.000000	210.000000	0.000000	0.000000	0.000000	
141.000000	5156.771484	684.611084	1.286968	0.024674	85.310295	5.423721	210.000000	210.000000	0.000000	0.000000	0.000000	
142.000000	5130.366211	688.081665	1.229429	0.023543	85.268295	5.054215	210.000000	210.000000	0.000000	0.000000	0.000000	
143.000000	5106.102051	690.864685	1.309102	0.022488	85.280296	5.432746	210.000000	210.000000	0.000000	0.000000	0.000000	
144.000000	5084.664551	693.407654	1.308776	0.021930	85.292297	5.402581	210.000000	210.000000	0.000000	0.000000	0.000000	
145.000000	5066.298340	695.397156	1.376188	0.020601	85.250298	5.725996	210.000000	210.000000	0.000000	0.000000	0.000000	
146.000000	5051.208008	696.715088	1.487188	0.020228	85.262299	6.294226	210.000000	210.000000	0.000000	0.000000	0.000000	
147.000000	5040.005859	697.516663	1.172207	0.021428	85.274300	4.590540	210.000000	210.000000	0.000000	0.000000	0.000000	
148.000000	5030.999512	698.485229	1.247244	0.026005	85.688301	4.949336	210.000000	210.000000	0.000000	0.000000	0.000000	
149.000000	5024.056641	700.117798	1.235466	0.094858	90.602295	4.853999	210.000000	210.000000	0.000000	1.000000	0.000000	
150.000000	5019.220215	703.152344	1.158149	0.123859	92.780296	4.388427	210.000000	210.000000	0.000000	1.000000	0.000000	
151.000000	5016.002441	706.595093	1.215564	0.144030	93.536301	4.660777	210.000000	210.000000	0.000000	1.000000	0.000000	
152.000000	5014.964844	709.625549	1.306100	0.149449	93.776299	5.067042	210.000000	210.000000	0.000000	1.000000	0.000000	
153.000000	5016.743164	712.320984	1.236728	0.152778	93.902298	4.667848	210.000000	210.000000	0.000000	1.000000	0.000000	
154.000000	5020.862793	714.915344	1.284767	0.153856	93.974297	4.836811	210.000000	210.000000	0.000000	1.000000	0.000000	
155.000000	5027.112793	717.570435	0.963748	0.155742	93.986298	3.165217	210.000000	210.000000	0.000000	1.000000	0.000000	
156.000000	5033.606445	720.326782	1.140131	0.152978	93.998299	4.008381	210.000000	210.000000	0.000000	1.000000	0.000000	
157.000000	5040.980469	722.854980	1.085476	0.150718	93.956299	3.725045	210.000000	210.000000	0.000000	1.000000	0.000000	
158.000000	5049.434082	725.026001	1.183474	0.148880	93.968300	4.177899	210.000000	210.000000	0.000000	1.000000	0.000000	
159.000000	5059.455078	727.018921	1.137936	0.148219	93.980301	3.926555	210.000000	210.000000	0.000000	1.000000	0.000000	
160.000000	5070.680664	728.750916	1.159112	0.148831	94.052299	4.007169	210.000000	210.000000	0.000000	1.000000	0.000000	
161.000000	5083.354980	730.270996	1.155208	0.147996	94.064301	3.967355	210.000000	210.000000	0.000000	1.000000	0.000000	
162.000000	5097.252930	731.695740	1.032216	0.144787	93.962296	3.333502	210.000000	210.000000	0.000000	1.000000	0.000000	
163.000000	5111.726074	732.981140	1.125195	0.180693	95.288300	3.766163	210.000000	210.000000	0.000000	1.000000	0.000000	
164.000000	5127.394043	736.254578	1.078386	0.263838	98.264297	3.501878	210.000000	210.000000	0.000000	1.000000	0.000000	
165.000000	5144.074707	740.992065	1.082955	0.293953	99.416298	3.457246	210.000000	210.000000	0.000000	1.000000	0.000000	
166.000000	5161.547852	746.166992	0.956373	0.300532	99.716301	2.746108	210.000000	210.000000	0.000000	1.000000	0.000000	
167.000000	5178.880371	751.749634	1.111368	0.303015	99.956299	3.449158	210.000000	210.000000	0.000000	1.000000	0.000000	
168.000000	5196.818359	756.973328	0.964342	0.301063	99.968300	2.715477	210.000000	210.000000	0.000000	1.000000	0.000000	
169.000000	5214.800293	762.355042	0.914657	0.299219	100.040298	2.455588	210.000000	210.000000	0.000000	1.000000	0.000000	
170.000000	5231.780273	767.241760	1.622301	0.291873	99.938301	5.661266	210.000000	210.000000	0.000000	1.000000	0.000000	
171.000000	5248.650391	771.466919	1.328256	0.288996	99.950294	4.291296	210.000000	210.000000	0.000000	1.000000	0.000000	
172.000000	5263.887695	776.143982	1.484035	0.287335	100.022301	4.911440	210.000000	210.000000	0.000000	1.000000	1.000000	
173.000000	5277.580078	780.414185	1.365752	0.286723	100.034302	4.265738	210.000000	210.000000	0.000000	1.000000	1.000000	
174.000000	5289.215820	785.597778	1.405401	0.283335	100.046295	4.370200	210.000000	210.000000	0.000000	1.000000	1.000000	
175.000000	5299.885742	790.897888	1.257396	0.279958	100.004295	3.661371	210.000000	210.000000	0.000000	1.000000	0.000000	
176.000000	5311.800781	795.978027	1.395436	0.269013	100.016296	4.178638	210.000000	210.000000	0.000000	1.000000	0.000000	
177.000000	5326.165527	800.351929	1.349810	0.257944	100.028297	3.938233	210.000000	210.000000	0.000000	1.000000	0.000000	
178.000000	5343.155762	804.046143	1.371899	0.247239	99.986298	3.953139	210.000000	210.000000	0.000000	1.000000	0.000000	
179.000000	5362.949219	807.298584	1.191809	0.189991	98.402298	3.156442	210.000000	210.000000	0.000000	0.000000	0.000000	
180.000000	5384.139648	806.225952	1.112022	0.010500	91.916298	2.848465	210.000000	210.000000	0.000000	0.000000	0.000000	
Time		H (m)		IAS (km/h)	G_vert 		G_horiz 	RPM 		AoA 		Hydro_m 	Hydro_b 	SAU 		Fors 		Trigger 
181.000000	5406.096680	802.442932	1.106249	-0.030552	89.594299	2.877453	210.000000	210.000000	0.000000	0.000000	0.000000	
182.000000	5429.393066	797.856506	1.080363	-0.034992	88.694298	2.752041	210.000000	210.000000	0.000000	0.000000	0.000000	
183.000000	5452.477539	793.941467	1.429560	-0.030185	88.478294	4.345181	210.000000	210.000000	0.000000	0.000000	0.000000	
184.000000	5475.094238	789.222595	1.174296	-0.022943	88.322296	3.321251	210.000000	210.000000	0.000000	0.000000	0.000000	
185.000000	5495.676270	785.357422	1.111693	-0.015124	88.334297	3.058177	210.000000	210.000000	0.000000	0.000000	0.000000	
186.000000	5511.239746	782.409241	1.184097	-0.011311	88.232300	3.407590	210.000000	210.000000	0.000000	0.000000	0.000000	
187.000000	5518.823730	780.616516	1.115035	-0.006452	88.304298	3.175052	210.000000	210.000000	0.000000	0.000000	0.000000	
188.000000	5513.646484	780.402466	1.148223	-0.006188	88.316299	3.009614	210.000000	210.000000	0.000000	0.000000	0.000000	
189.000000	5495.741211	782.718567	-0.553682	0.025484	88.214294	-4.394070	210.000000	210.000000	0.000000	0.000000	0.000000	
190.000000	5467.620605	786.551514	0.498843	-0.009252	88.286301	0.180216	210.000000	210.000000	0.000000	0.000000	0.000000	
191.000000	5431.445313	791.385803	0.301052	-0.013429	88.298302	-0.588101	210.000000	210.000000	0.000000	0.000000	0.000000	
192.000000	5388.424316	796.625061	0.891658	-0.030567	88.310295	1.945145	210.000000	210.000000	0.000000	0.000000	0.000000	
193.000000	5342.560547	801.377136	0.530364	-0.034988	88.268295	0.489016	210.000000	210.000000	0.000000	0.000000	0.000000	
194.000000	5291.696289	806.733276	1.604252	-0.049014	88.280296	4.844687	210.000000	210.000000	0.000000	0.000000	0.000000	
195.000000	5237.899414	811.813599	1.252012	-0.055813	88.292297	3.386961	210.000000	210.000000	0.000000	0.000000	0.000000	
196.000000	5182.404297	816.946289	1.422664	-0.063605	88.250298	3.999424	210.000000	210.000000	0.000000	0.000000	0.000000	
197.000000	5125.868164	822.103149	1.421783	-0.070166	88.262299	3.934013	210.000000	210.000000	0.000000	0.000000	0.000000	
198.000000	5068.674316	827.027954	1.422976	-0.076282	88.274300	3.878125	210.000000	210.000000	0.000000	0.000000	0.000000	
199.000000	5011.538574	831.898499	1.466981	-0.082872	88.232300	3.986946	210.000000	210.000000	0.000000	0.000000	0.000000	
200.000000	4954.088379	836.543701	1.465858	-0.088079	88.244301	3.924119	210.000000	210.000000	0.000000	0.000000	0.000000	
201.000000	4896.931641	841.004028	1.489521	-0.092790	88.256302	3.957173	210.000000	210.000000	0.000000	0.000000	0.000000	
202.000000	4840.727051	845.243774	1.532834	-0.097691	88.214294	4.069583	210.000000	210.000000	0.000000	0.000000	0.000000	
203.000000	4785.167969	849.686951	0.918265	-0.099691	88.226295	1.754275	210.000000	210.000000	0.000000	0.000000	0.000000	
204.000000	4731.822266	852.572266	1.953796	-0.102764	88.238297	5.525685	210.000000	210.000000	0.000000	0.000000	0.000000	
205.000000	4686.217285	854.894836	1.630081	-0.104683	88.196297	4.320732	210.000000	210.000000	0.000000	0.000000	0.000000	
206.000000	4646.513184	856.175964	1.667801	-0.102509	88.208298	4.437019	210.000000	210.000000	0.000000	0.000000	0.000000	
207.000000	4613.457031	856.778931	1.679727	-0.099066	88.220299	4.460627	210.000000	210.000000	0.000000	0.000000	0.000000	
208.000000	4586.873047	856.597778	1.650461	-0.095279	88.178299	4.354176	210.000000	210.000000	0.000000	0.000000	0.000000	
209.000000	4566.357422	855.678040	1.658219	-0.089312	88.190300	4.390141	210.000000	210.000000	0.000000	0.000000	0.000000	
210.000000	4552.120117	854.055542	1.659344	-0.082227	88.202301	4.412048	210.000000	210.000000	0.000000	0.000000	0.000000	
211.000000	4544.170898	851.732666	1.649487	-0.075066	88.160301	4.402146	210.000000	210.000000	0.000000	0.000000	0.000000	
212.000000	4542.347168	848.789978	1.644699	-0.066143	88.172295	4.411441	210.000000	210.000000	0.000000	0.000000	0.000000	
213.000000	4546.302246	845.528564	1.436705	-0.057110	88.184296	3.664327	210.000000	210.000000	0.000000	0.000000	0.000000	
214.000000	4554.804688	842.264526	1.523055	-0.048991	88.142296	4.023651	210.000000	210.000000	0.000000	0.000000	0.000000	
215.000000	4568.206055	838.258301	1.483823	-0.039372	88.154297	3.924414	210.000000	210.000000	0.000000	0.000000	0.000000	
216.000000	4586.236328	833.820618	1.477081	-0.029502	88.166298	3.949672	210.000000	210.000000	0.000000	0.000000	0.000000	
217.000000	4608.659668	829.062561	1.463711	-0.021421	88.124298	3.953987	210.000000	210.000000	0.000000	0.000000	0.000000	
218.000000	4635.569824	823.859985	1.444496	-0.017485	88.136299	3.939061	210.000000	210.000000	0.000000	0.000000	0.000000	
219.000000	4666.600098	818.203186	1.384814	-0.013262	88.148300	3.765988	210.000000	210.000000	0.000000	0.000000	0.000000	
220.000000	4701.094727	812.202332	1.384617	-0.008145	88.220299	3.832737	210.000000	210.000000	0.000000	0.000000	0.000000	
221.000000	4739.372070	805.794189	1.384984	-0.003793	88.232300	3.914349	210.000000	210.000000	0.000000	0.000000	0.000000	
222.000000	4781.180176	798.957642	1.351552	0.000784	88.244301	3.860721	210.000000	210.000000	0.000000	0.000000	0.000000	
223.000000	4826.022949	791.797119	1.365595	0.004446	88.202301	4.008861	210.000000	210.000000	0.000000	0.000000	0.000000	
224.000000	4874.361816	785.079224	1.325616	0.009239	88.214294	3.931152	210.000000	210.000000	0.000000	0.000000	0.000000	
225.000000	4925.555176	777.330872	1.286168	0.014038	88.226295	3.859596	210.000000	210.000000	0.000000	0.000000	0.000000	
226.000000	4978.883301	769.422180	1.272018	0.017879	88.184296	3.888478	210.000000	210.000000	0.000000	0.000000	0.000000	
227.000000	5033.932617	761.899292	0.410640	0.032043	88.196297	0.015041	210.000000	210.000000	0.000000	0.000000	0.000000	
228.000000	5085.200195	755.471863	0.852048	0.029131	88.208298	2.036163	210.000000	210.000000	0.000000	0.000000	0.000000	
229.000000	5133.455566	749.455200	0.569405	0.036972	88.280296	0.791002	210.000000	210.000000	0.000000	0.000000	0.000000	
230.000000	5178.324219	744.120483	0.692829	0.036262	88.178299	1.391005	210.000000	210.000000	0.000000	0.000000	0.000000	
231.000000	5219.787598	739.319458	0.587054	0.040211	88.190300	0.933109	210.000000	210.000000	0.000000	0.000000	0.000000	
232.000000	5257.188477	735.151001	0.638784	0.042358	88.262299	1.207419	210.000000	210.000000	0.000000	0.000000	0.000000	
233.000000	5291.167480	731.555481	0.614924	0.044458	88.274300	1.120098	210.000000	210.000000	0.000000	0.000000	0.000000	
234.000000	5321.352051	728.793274	0.657806	0.045255	88.286301	1.361505	210.000000	210.000000	0.000000	0.000000	0.000000	
235.000000	5347.877930	726.198425	0.648139	0.045775	88.244301	1.333370	210.000000	210.000000	0.000000	0.000000	0.000000	
236.000000	5370.976563	724.157471	0.645363	0.046729	88.256302	1.334957	210.000000	210.000000	0.000000	0.000000	0.000000	
237.000000	5390.339844	722.627869	0.886133	0.044382	88.268295	2.616870	210.000000	210.000000	0.000000	0.000000	0.000000	
238.000000	5408.052246	720.748779	1.029270	0.042978	88.226295	3.324931	210.000000	210.000000	0.000000	0.000000	0.000000	
239.000000	5425.203125	719.353882	0.782289	0.046286	88.238297	2.124336	210.000000	210.000000	0.000000	0.000000	0.000000	
240.000000	5440.243164	718.135376	0.956222	0.044858	88.250298	3.055641	210.000000	210.000000	0.000000	0.000000	0.000000	
Time		H (m)		IAS (km/h)	G_vert 		G_horiz 	RPM 		AoA 		Hydro_m 	Hydro_b 	SAU 		Fors 		Trigger 
241.000000	5454.706543	716.661499	1.253682	0.042995	88.208298	4.593896	210.000000	210.000000	0.000000	0.000000	0.000000	
242.000000	5471.302246	714.519775	1.156460	0.044391	88.220299	4.109185	210.000000	210.000000	0.000000	0.000000	0.000000	
243.000000	5489.238281	712.615906	1.143368	0.045613	88.232300	4.083559	210.000000	210.000000	0.000000	0.000000	0.000000	
244.000000	5507.880371	710.560669	1.234683	0.047087	88.304298	4.581927	210.000000	210.000000	0.000000	0.000000	0.000000	
245.000000	5527.725586	708.168213	1.185893	0.048572	88.316299	4.372098	210.000000	210.000000	0.000000	0.000000	0.000000	
246.000000	5547.824707	705.783508	1.183995	0.048156	88.214294	4.396401	210.000000	210.000000	0.000000	0.000000	0.000000	
247.000000	5567.680664	703.594177	0.762058	0.054161	88.286301	2.132214	210.000000	210.000000	0.000000	0.000000	0.000000	
248.000000	5585.149902	702.536377	1.217593	0.051228	88.298302	4.871862	210.000000	210.000000	0.000000	0.000000	0.000000	
249.000000	5601.460449	697.705688	2.409839	0.063110	88.310295	11.067724	210.000000	210.000000	0.000000	0.000000	0.000000	
250.000000	5616.409180	692.000549	2.471973	0.068318	88.268295	11.660665	210.000000	210.000000	0.000000	0.000000	0.000000	
251.000000	5622.712891	686.304260	2.546021	0.072268	88.280296	12.174591	210.000000	210.000000	0.000000	0.000000	0.000000	
252.000000	5615.913086	683.973267	2.044697	0.063683	88.292297	9.613667	210.000000	210.000000	0.000000	0.000000	0.000000	
253.000000	5595.798340	684.110291	2.230512	0.066030	88.250298	10.558618	210.000000	210.000000	0.000000	0.000000	0.000000	
254.000000	5562.592285	685.647400	2.239365	0.066367	88.262299	10.571508	210.000000	210.000000	0.000000	0.000000	0.000000	
255.000000	5521.287598	688.211914	2.205560	0.064595	88.274300	10.261258	210.000000	210.000000	0.000000	0.000000	0.000000	
256.000000	5478.953125	691.770386	2.076558	0.061244	88.232300	9.452565	210.000000	210.000000	0.000000	0.000000	0.000000	
257.000000	5437.723633	695.609192	2.054193	0.060567	88.244301	9.263026	210.000000	210.000000	0.000000	0.000000	0.000000	
258.000000	5399.177246	698.561218	2.175828	0.061374	88.256302	9.784739	210.000000	210.000000	0.000000	0.000000	0.000000	
259.000000	5366.152344	700.868713	2.095039	0.059061	88.214294	9.279495	210.000000	210.000000	0.000000	0.000000	0.000000	
260.000000	5339.063477	703.388245	1.271836	0.054946	88.226295	4.926959	210.000000	210.000000	0.000000	0.000000	0.000000	
261.000000	5313.763184	707.461975	1.567379	0.053243	88.238297	6.330925	210.000000	210.000000	0.000000	0.000000	0.000000	
262.000000	5290.767578	710.231812	1.411376	0.016923	85.688301	5.507692	210.000000	210.000000	0.000000	0.000000	0.000000	
263.000000	5270.162598	711.200195	1.716856	-0.028158	81.938301	6.978655	210.000000	210.000000	0.000000	0.000000	0.000000	
264.000000	5253.381348	711.088135	1.307429	-0.042073	80.582298	4.965276	210.000000	210.000000	0.000000	0.000000	0.000000	
265.000000	5239.093262	710.565002	1.507702	-0.047086	80.084297	5.930447	210.000000	210.000000	0.000000	0.000000	0.000000	
266.000000	5227.537109	709.752014	1.267971	-0.047677	79.868301	4.757336	210.000000	210.000000	0.000000	0.000000	0.000000	
267.000000	5217.798340	708.666565	1.380846	-0.047113	79.880295	5.322125	210.000000	210.000000	0.000000	0.000000	0.000000	
268.000000	5210.284668	707.394836	1.276167	-0.046266	79.838295	4.820312	210.000000	210.000000	0.000000	0.000000	0.000000	
269.000000	5204.450195	705.848755	1.322204	-0.045684	79.850296	5.070302	210.000000	210.000000	0.000000	0.000000	0.000000	
270.000000	5200.547852	704.105774	1.280550	-0.045693	79.748299	4.881221	210.000000	210.000000	0.000000	0.000000	0.000000	
271.000000	5198.327148	702.158569	1.261436	-0.044032	79.820297	4.813928	210.000000	210.000000	0.000000	0.000000	0.000000	
272.000000	5197.672363	700.037354	1.263183	-0.042994	79.832298	4.854866	210.000000	210.000000	0.000000	0.000000	0.000000	
273.000000	5198.580566	697.728882	1.231543	-0.041722	79.844299	4.724728	210.000000	210.000000	0.000000	0.000000	0.000000	
274.000000	5200.868164	695.523804	1.232020	-0.041121	79.802299	4.761474	210.000000	210.000000	0.000000	0.000000	0.000000	
275.000000	5204.508301	692.934631	1.212126	-0.039806	79.814301	4.697465	210.000000	210.000000	0.000000	0.000000	0.000000	
276.000000	5209.358887	690.243835	1.103955	-0.037853	79.826302	4.147230	210.000000	210.000000	0.000000	0.000000	0.000000	
277.000000	5214.685547	687.774231	1.114875	-0.037272	79.784302	4.239382	210.000000	210.000000	0.000000	0.000000	0.000000	
278.000000	5220.599609	685.138916	1.099030	-0.036032	79.796295	4.193286	210.000000	210.000000	0.000000	0.000000	0.000000	
279.000000	5227.183594	682.511230	1.066579	-0.034575	79.808296	4.044302	210.000000	210.000000	0.000000	0.000000	0.000000	
280.000000	5234.102051	679.972290	0.962265	-0.032983	79.766296	3.491201	210.000000	210.000000	0.000000	0.000000	0.000000	
281.000000	5240.600098	677.761108	0.932627	-0.031606	79.778297	3.370468	210.000000	210.000000	0.000000	0.000000	0.000000	
282.000000	5246.460938	675.494934	1.000083	-0.031389	79.790298	3.766112	210.000000	210.000000	0.000000	0.000000	0.000000	
283.000000	5252.094238	673.357605	0.949848	-0.029299	79.862297	3.523453	210.000000	210.000000	0.000000	0.000000	0.000000	
284.000000	5257.318848	671.484802	0.980565	-0.028728	79.874298	3.720311	210.000000	210.000000	0.000000	0.000000	0.000000	
285.000000	5262.251465	669.458313	0.956556	-0.027577	79.886299	3.615572	210.000000	210.000000	0.000000	0.000000	0.000000	
286.000000	5266.730469	667.534607	0.963054	-0.027330	79.844299	3.677085	210.000000	210.000000	0.000000	0.000000	0.000000	
287.000000	5270.815430	665.697144	0.950794	-0.026377	79.856300	3.633863	210.000000	210.000000	0.000000	0.000000	0.000000	
288.000000	5274.400391	663.948914	0.950627	-0.025595	79.868301	3.656334	210.000000	210.000000	0.000000	0.000000	0.000000	
289.000000	5277.445313	662.310059	0.943250	-0.025299	79.826302	3.636071	210.000000	210.000000	0.000000	0.000000	0.000000	
290.000000	5279.921875	660.791016	0.926134	-0.024408	79.838295	3.557065	210.000000	210.000000	0.000000	0.000000	0.000000	
291.000000	5281.667480	659.420593	0.920429	-0.023687	79.850296	3.541115	210.000000	210.000000	0.000000	0.000000	0.000000	
292.000000	5282.601074	658.195618	0.907070	-0.022359	79.922295	3.476935	210.000000	210.000000	0.000000	0.000000	0.000000	
293.000000	5282.611328	657.164246	0.896269	-0.021689	79.934296	3.428252	210.000000	210.000000	0.000000	0.000000	0.000000	
294.000000	5281.596680	656.363892	0.898740	-0.022351	79.832298	3.450299	210.000000	210.000000	0.000000	0.000000	0.000000	
295.000000	5279.544922	655.667664	0.868088	-0.020983	79.904297	3.281479	210.000000	210.000000	0.000000	0.000000	0.000000	
296.000000	5276.239746	655.181091	0.883026	-0.020829	79.916298	3.372020	210.000000	210.000000	0.000000	0.000000	0.000000	
297.000000	5271.743652	654.873474	0.873051	-0.020430	79.928299	3.318187	210.000000	210.000000	0.000000	0.000000	0.000000	
298.000000	5266.080078	654.734619	0.925356	-0.021363	79.886299	3.630554	210.000000	210.000000	0.000000	0.000000	0.000000	
299.000000	5259.538574	654.647827	0.859545	-0.019854	79.898300	3.235072	210.000000	210.000000	0.000000	0.000000	0.000000	
300.000000	5250.531738	654.184021	2.099567	-0.019912	79.910301	10.675260	210.000000	210.000000	0.000000	0.000000	0.000000	
Time		H (m)		IAS (km/h)	G_vert 		G_horiz 	RPM 		AoA 		Hydro_m 	Hydro_b 	SAU 		Fors 		Trigger 
301.000000	5234.003418	649.173706	2.610735	-0.009713	79.868301	13.762279	210.000000	210.000000	0.000000	0.000000	0.000000	
302.000000	5202.156250	646.115295	2.376939	-0.014663	79.880295	12.474700	210.000000	210.000000	0.000000	0.000000	0.000000	
303.000000	5155.540527	646.785461	2.473778	-0.012794	79.778297	13.046763	210.000000	210.000000	0.000000	0.000000	0.000000	
304.000000	5096.161133	648.207581	2.534888	-0.011455	79.850296	13.332117	210.000000	210.000000	0.000000	0.000000	0.000000	
305.000000	5026.096191	650.836121	2.585115	-0.012301	79.748299	13.492736	210.000000	210.000000	0.000000	0.000000	0.000000	
306.000000	4949.147949	654.380615	2.632042	-0.012497	79.760300	13.587194	210.000000	210.000000	0.000000	0.000000	0.000000	
307.000000	4867.354492	658.827515	2.611426	-0.014728	79.718300	13.325562	210.000000	210.000000	0.000000	0.000000	0.000000	
308.000000	4780.653809	663.167480	2.873567	-0.010696	79.616295	14.504900	210.000000	210.000000	0.000000	0.000000	0.000000	
309.000000	4689.740234	668.100159	2.713644	-0.016987	79.628296	13.402425	210.000000	210.000000	0.000000	0.000000	0.000000	
310.000000	4593.924316	675.033997	2.632886	-0.020974	79.586296	12.796731	210.000000	210.000000	0.000000	0.000000	0.000000	
311.000000	4494.680664	681.243591	2.911105	-0.018240	79.484299	13.929323	210.000000	210.000000	0.000000	0.000000	0.000000	
312.000000	4400.542969	686.543518	2.792956	-0.024793	79.382301	13.110158	210.000000	210.000000	0.000000	0.000000	0.000000	
313.000000	4316.583008	691.215698	2.421262	-0.034153	79.340302	10.954224	210.000000	210.000000	0.000000	0.000000	0.000000	
314.000000	4242.369629	697.402161	2.298793	-0.036979	79.352295	10.125241	210.000000	210.000000	0.000000	0.000000	0.000000	
315.000000	4178.265625	701.652100	1.499586	-0.041748	79.250298	5.952190	210.000000	210.000000	0.000000	0.000000	0.000000	
316.000000	4118.216797	708.654480	1.461240	-0.043699	79.208298	5.554846	210.000000	210.000000	0.000000	0.000000	0.000000	
317.000000	4058.960938	715.289734	1.312951	-0.044851	79.220299	4.696530	210.000000	210.000000	0.000000	0.000000	0.000000	
318.000000	4000.214600	722.218994	1.265370	-0.047838	79.118301	4.360211	210.000000	210.000000	0.000000	0.000000	0.000000	
319.000000	3941.946533	728.992554	1.314285	-0.049907	79.190300	4.487584	210.000000	210.000000	0.000000	0.000000	0.000000	
320.000000	3883.689209	735.597534	1.326972	-0.053447	79.088295	4.446809	210.000000	210.000000	0.000000	0.000000	0.000000	
321.000000	3825.832764	742.000732	1.350511	-0.055839	79.100296	4.457974	210.000000	210.000000	0.000000	0.000000	0.000000	
322.000000	3768.832031	748.268005	1.359999	-0.058620	79.058296	4.401576	210.000000	210.000000	0.000000	0.000000	0.000000	
323.000000	3711.639648	754.448792	1.357662	-0.061970	78.956299	4.302473	210.000000	210.000000	0.000000	0.000000	0.000000	
324.000000	3653.842773	760.600647	1.372892	-0.064274	78.968300	4.279026	210.000000	210.000000	0.000000	0.000000	0.000000	
325.000000	3596.783936	765.342163	2.658209	-0.061934	78.926300	9.989650	210.000000	210.000000	0.000000	0.000000	0.000000	
326.000000	3553.385498	762.396423	2.570560	-0.064134	78.938301	9.596025	210.000000	210.000000	0.000000	0.000000	0.000000	
327.000000	3525.467285	759.818970	2.923459	-0.057442	78.836296	11.167801	210.000000	210.000000	0.000000	0.000000	0.000000	
328.000000	3510.076660	753.934021	2.212847	-0.062727	78.908295	8.185418	210.000000	210.000000	0.000000	0.000000	0.000000	
329.000000	3503.363525	750.142822	1.805647	-0.057248	79.262299	6.397024	210.000000	210.000000	0.000000	0.000000	0.000000	
330.000000	3502.836182	747.107788	1.274842	-0.036432	80.642296	4.030027	210.000000	210.000000	0.000000	0.000000	0.000000	
331.000000	3505.217041	745.212769	1.482628	0.004697	83.906296	4.968495	210.000000	210.000000	0.000000	0.000000	0.000000	
332.000000	3511.177246	743.533142	1.365172	0.028100	85.286301	4.486928	210.000000	208.890518	0.000000	0.000000	0.000000	
333.000000	3519.147217	741.571716	1.992434	0.032522	85.868301	7.374422	210.000000	210.000000	0.000000	0.000000	0.000000	
334.000000	3527.828857	738.633545	1.585438	0.037169	86.054298	5.650820	210.000000	210.000000	0.000000	0.000000	0.000000	
335.000000	3536.672363	736.311890	1.864534	0.037151	86.066299	6.924855	210.000000	210.000000	0.000000	0.000000	0.000000	
336.000000	3545.964355	733.695862	1.588553	0.040976	86.192299	5.717608	210.000000	210.000000	0.000000	0.000000	0.000000	
337.000000	3553.980957	731.627197	1.676454	0.040568	86.150299	6.177220	210.000000	210.000000	0.000000	0.000000	0.000000	
338.000000	3560.113525	729.473999	1.814221	0.040968	86.162300	6.856379	210.000000	210.000000	0.000000	0.000000	0.000000	
339.000000	3564.723877	727.385254	1.767710	0.041936	86.174301	6.677134	210.000000	210.000000	0.000000	0.000000	0.000000	
340.000000	3567.892822	725.703247	1.756063	0.041938	86.132301	6.655776	210.000000	210.000000	0.000000	0.000000	0.000000	
341.000000	3569.791016	724.223145	1.753431	0.042618	86.144295	6.671495	210.000000	210.000000	0.000000	0.000000	0.000000	
342.000000	3570.593994	722.945313	1.751031	0.043259	86.156296	6.686052	210.000000	210.000000	0.000000	0.000000	0.000000	
343.000000	3570.681396	721.828613	1.716139	0.043106	86.114296	6.528598	210.000000	210.000000	0.000000	0.000000	0.000000	
344.000000	3571.293213	720.895020	1.631165	0.044012	86.126297	6.134755	210.000000	210.000000	0.000000	0.000000	0.000000	
345.000000	3572.830078	720.254089	1.455550	0.045611	86.138298	5.289899	210.000000	210.000000	0.000000	0.000000	0.000000	
346.000000	3574.231445	719.989929	1.380812	0.047419	86.210297	4.919239	210.000000	210.000000	0.000000	0.000000	0.000000	
347.000000	3575.130127	719.560425	2.132014	0.044662	86.108299	8.624391	210.000000	210.000000	0.000000	0.000000	0.000000	
348.000000	3583.062012	714.835083	2.215269	0.045205	86.120300	9.089012	210.000000	210.000000	0.000000	0.000000	0.000000	
349.000000	3601.583740	709.626709	1.883865	0.047626	86.192299	7.656374	210.000000	210.000000	0.000000	0.000000	0.000000	
350.000000	3625.909912	703.720520	2.041803	0.049450	86.204300	8.534206	210.000000	210.000000	0.000000	0.000000	0.000000	
351.000000	3653.658936	697.463867	1.522008	0.052788	86.216301	6.032046	210.000000	210.000000	0.000000	0.000000	0.000000	
352.000000	3683.958008	692.996643	1.040692	0.058475	86.174301	3.615004	210.000000	210.000000	0.000000	0.000000	0.000000	
353.000000	3715.325195	689.007385	0.914328	0.061476	86.186295	2.922706	210.000000	210.000000	0.000000	0.000000	0.000000	
354.000000	3745.259766	685.946777	0.577270	0.068237	86.198296	1.175099	210.000000	210.000000	0.000000	0.000000	0.000000	
355.000000	3770.999756	684.018738	0.684132	0.080948	87.182297	1.747641	210.000000	210.000000	0.000000	0.000000	0.000000	
356.000000	3793.223145	682.859924	0.624999	0.094210	87.992302	1.450263	210.000000	210.000000	0.000000	0.000000	0.000000	
357.000000	3812.127197	682.027527	1.488804	0.086315	88.232300	6.131963	210.000000	210.000000	0.000000	0.000000	0.000000	
358.000000	3832.455078	679.521851	1.174408	0.090389	88.304298	4.557528	210.000000	210.000000	0.000000	0.000000	0.000000	
359.000000	3853.739014	677.718262	1.329636	0.089327	88.316299	5.394937	210.000000	210.000000	0.000000	0.000000	0.000000	
360.000000	3876.041992	675.305481	1.272782	0.090318	88.328300	5.142633	210.000000	210.000000	0.000000	0.000000	0.000000	
Time		H (m)		IAS (km/h)	G_vert 		G_horiz 	RPM 		AoA 		Hydro_m 	Hydro_b 	SAU 		Fors 		Trigger 
361.000000	3898.935059	673.103088	1.254984	0.092035	88.400299	5.088521	210.000000	210.000000	0.000000	0.000000	0.000000	
362.000000	3922.128906	670.911255	1.073807	0.094638	88.412300	4.116554	210.000000	210.000000	0.000000	0.000000	0.000000	
363.000000	3944.301514	669.391052	1.063196	0.095196	88.424301	4.073909	210.000000	210.000000	0.000000	0.000000	0.000000	
364.000000	3964.915039	667.948914	1.113512	0.093913	88.382301	4.404061	210.000000	210.000000	0.000000	0.000000	0.000000	
365.000000	3984.935547	666.522949	1.210464	0.093005	88.394295	4.962816	210.000000	210.000000	0.000000	0.000000	0.000000	
366.000000	4005.230225	664.831787	1.179689	0.093734	88.406296	4.789383	210.000000	210.000000	0.000000	0.000000	0.000000	
367.000000	4025.731689	663.473816	0.939587	0.096406	88.364296	3.471957	210.000000	210.000000	0.000000	0.000000	0.000000	
368.000000	4045.714111	662.665588	0.736189	0.099809	88.376297	2.318419	210.000000	210.000000	0.000000	0.000000	0.000000	
369.000000	4063.840332	662.191589	1.131491	0.093990	88.388298	4.584616	210.000000	210.000000	0.000000	0.000000	0.000000	
370.000000	4082.356689	660.877930	0.941013	0.095769	88.346298	3.500041	210.000000	210.000000	0.000000	0.000000	0.000000	
371.000000	4100.508301	660.479309	0.888173	0.096814	88.358299	3.214659	210.000000	210.000000	0.000000	0.000000	0.000000	
372.000000	4117.507813	659.951782	0.920802	0.097924	88.484299	3.396764	210.000000	210.000000	0.000000	0.000000	0.000000	
373.000000	4133.654297	659.788696	0.881173	0.097703	88.442299	3.200198	210.000000	210.000000	0.000000	0.000000	0.000000	
374.000000	4149.027344	659.482056	1.029751	0.095481	88.454300	4.028394	210.000000	210.000000	0.000000	0.000000	0.000000	
375.000000	4164.413086	659.251770	0.923916	0.096984	88.466301	3.449677	210.000000	210.000000	0.000000	0.000000	0.000000	
376.000000	4179.215820	659.078857	0.983678	0.095270	88.424301	3.779197	210.000000	210.000000	0.000000	0.000000	0.000000	
377.000000	4193.823730	658.968811	0.915526	0.096209	88.436295	3.398937	210.000000	210.000000	0.000000	0.000000	0.000000	
378.000000	4207.761230	659.013062	0.937723	0.095803	88.448296	3.517309	210.000000	210.000000	0.000000	0.000000	0.000000	
379.000000	4220.971680	659.165283	0.911251	0.096978	88.520302	3.369617	210.000000	210.000000	0.000000	0.000000	0.000000	
380.000000	4233.480957	659.447144	0.922556	0.096670	88.532295	3.427694	210.000000	210.000000	0.000000	0.000000	0.000000	
381.000000	4245.238281	659.847412	0.916272	0.094890	88.430298	3.388217	210.000000	210.000000	0.000000	0.000000	0.000000	
382.000000	4255.937988	660.600769	0.629687	0.100280	88.502296	1.749447	210.000000	210.000000	0.000000	0.000000	0.000000	
383.000000	4264.008301	661.928040	0.896801	0.095612	88.514297	3.222451	210.000000	210.000000	0.000000	0.000000	0.000000	
384.000000	4270.568848	663.348022	0.796605	0.117808	89.894295	2.660585	210.000000	210.000000	0.000000	1.000000	0.000000	
385.000000	4275.634766	666.017090	1.061993	0.157288	92.360298	4.107162	210.000000	210.000000	0.000000	1.000000	0.000000	
386.000000	4280.776367	669.041382	0.927783	0.167478	93.284302	3.334704	210.000000	210.000000	0.000000	1.000000	0.000000	
387.000000	4285.544434	672.738464	0.993628	0.176178	93.638298	3.641510	210.000000	210.000000	0.000000	1.000000	0.000000	
388.000000	4290.401367	676.233215	1.331879	0.173937	93.710297	5.461495	210.000000	210.000000	0.000000	1.000000	0.000000	
389.000000	4297.844727	678.682129	1.250216	0.174195	93.722298	5.029067	210.000000	210.000000	0.000000	1.000000	0.000000	
390.000000	4307.917969	680.594055	1.635363	0.171756	93.734299	7.023210	210.000000	210.000000	0.000000	1.000000	0.000000	
391.000000	4321.716797	681.549561	1.094796	0.177275	93.806297	4.120671	210.000000	210.000000	0.000000	1.000000	0.000000	
392.000000	4336.332031	683.563599	1.300543	0.175329	93.818298	5.152759	210.000000	210.000000	0.000000	1.000000	0.000000	
393.000000	4351.687012	684.962769	1.111091	0.176783	93.830299	4.132245	210.000000	210.000000	0.000000	1.000000	0.000000	
394.000000	4366.874512	686.892456	1.162784	0.174553	93.788300	4.362298	210.000000	210.000000	0.000000	1.000000	0.000000	
395.000000	4381.694824	688.474854	1.142229	0.174435	93.800301	4.231738	210.000000	210.000000	0.000000	1.000000	0.000000	
396.000000	4395.934570	690.422180	1.186217	0.173771	93.812302	4.435138	210.000000	210.000000	0.000000	1.000000	0.000000	
397.000000	4409.646484	692.261230	1.229412	0.171501	93.770302	4.653206	210.000000	210.000000	0.000000	1.000000	0.000000	
398.000000	4423.956543	693.792664	1.319710	0.170455	93.782295	5.086955	210.000000	210.000000	0.000000	1.000000	0.000000	
399.000000	4440.292969	695.062195	1.193363	0.171339	93.794296	4.390213	210.000000	210.000000	0.000000	1.000000	0.000000	
400.000000	4458.159180	696.423584	1.100997	0.170509	93.752296	3.864348	210.000000	210.000000	0.000000	1.000000	0.000000	
401.000000	4476.853027	697.976929	0.904451	0.172539	93.764297	2.869744	210.000000	210.000000	0.000000	1.000000	0.000000	
402.000000	4495.459961	699.402039	1.168946	0.169198	93.776299	4.177917	210.000000	210.000000	0.000000	1.000000	0.000000	
403.000000	4515.125000	700.588623	1.005054	0.172488	93.848297	3.338276	210.000000	210.000000	0.000000	1.000000	0.000000	
404.000000	4535.295410	701.807190	1.038930	0.168437	93.746300	3.475998	210.000000	210.000000	0.000000	1.000000	0.000000	
405.000000	4555.634277	703.168213	0.883787	0.170068	93.758301	2.673030	210.000000	210.000000	0.000000	1.000000	0.000000	
406.000000	4575.117188	704.504944	0.970902	0.170407	93.830299	3.086688	210.000000	210.000000	0.000000	1.000000	0.000000	
407.000000	4594.311035	706.010498	0.925292	0.170619	93.842300	2.845518	210.000000	210.000000	0.000000	1.000000	0.000000	
408.000000	4612.939453	707.605957	0.957841	0.166461	93.740295	2.988405	210.000000	210.000000	0.000000	1.000000	0.000000	
409.000000	4631.026855	709.247009	0.907061	0.168516	93.812302	2.711460	210.000000	210.000000	0.000000	1.000000	0.000000	
410.000000	4648.479492	711.048645	0.925518	0.167909	93.824295	2.782529	210.000000	210.000000	0.000000	1.000000	0.000000	
411.000000	4665.247070	712.916870	0.912320	0.167663	93.836296	2.689380	210.000000	210.000000	0.000000	1.000000	0.000000	
412.000000	4681.104492	714.954407	0.910890	0.165629	93.794296	2.705796	210.000000	210.000000	0.000000	1.000000	0.000000	
413.000000	4696.826172	716.572266	1.243576	0.161905	93.806297	4.308545	210.000000	210.000000	0.000000	1.000000	0.000000	
414.000000	4714.469727	717.681091	1.306648	0.161364	93.818298	4.649618	210.000000	210.000000	0.000000	1.000000	0.000000	
415.000000	4734.810547	717.929138	1.271701	0.159645	93.776299	4.465580	210.000000	210.000000	0.000000	1.000000	0.000000	
416.000000	4757.891602	718.117188	1.284648	0.159595	93.788300	4.522029	210.000000	210.000000	0.000000	1.000000	0.000000	
417.000000	4783.169434	717.852844	1.249304	0.159713	93.800301	4.353448	210.000000	210.000000	0.000000	1.000000	0.000000	
418.000000	4810.129883	717.433777	1.237675	0.158179	93.758301	4.293898	210.000000	210.000000	0.000000	1.000000	0.000000	
419.000000	4838.570801	716.864746	1.176720	0.158602	93.770302	4.005812	210.000000	210.000000	0.000000	1.000000	0.000000	
420.000000	4867.834961	716.232361	1.175125	0.158578	93.782295	4.004398	210.000000	210.000000	0.000000	1.000000	0.000000	
Time		H (m)		IAS (km/h)	G_vert 		G_horiz 	RPM 		AoA 		Hydro_m 	Hydro_b 	SAU 		Fors 		Trigger 
421.000000	4897.554199	715.507813	1.169895	0.156990	93.740295	3.990439	210.000000	210.000000	0.000000	1.000000	0.000000	
422.000000	4927.971191	714.689148	1.167889	0.156981	93.752296	3.993165	210.000000	210.000000	0.000000	1.000000	0.000000	
423.000000	4958.821777	714.283630	1.163353	0.217507	95.816299	3.969466	210.000000	210.000000	0.000000	1.000000	0.000000	
424.000000	4989.828125	715.945557	1.120849	0.283017	98.054298	3.732653	210.000000	210.000000	0.000000	1.000000	0.000000	
425.000000	5021.236816	718.741455	1.421543	0.260022	97.382301	5.216875	210.000000	210.000000	0.000000	0.000000	0.000000	
426.000000	5053.918457	716.733093	1.446600	0.066180	88.958298	5.396587	210.000000	210.000000	0.000000	0.000000	0.000000	
427.000000	5087.011719	711.779663	1.341907	0.021686	85.724297	4.920819	210.000000	210.000000	0.000000	0.000000	0.000000	
428.000000	5118.976074	706.601074	1.155738	0.009828	84.596298	4.082385	210.000000	210.000000	0.000000	0.000000	0.000000	
429.000000	5148.070313	701.669128	1.179602	0.005657	84.152298	4.250447	210.000000	210.000000	0.000000	0.000000	0.000000	
430.000000	5173.806152	697.352051	1.095132	0.005917	83.996300	3.888562	210.000000	210.000000	0.000000	0.000000	0.000000	
431.000000	5196.154785	693.480103	1.122158	0.005685	83.894295	4.078939	210.000000	210.000000	0.000000	0.000000	0.000000	
432.000000	5215.106445	690.061340	1.399706	0.005718	83.906296	5.771592	210.000000	210.000000	0.000000	0.000000	0.000000	
433.000000	5233.605957	685.007202	1.103378	-0.017111	81.698296	3.942379	210.000000	210.000000	0.000000	0.000000	0.000000	
434.000000	5250.907715	682.001465	0.438040	-0.026551	79.772301	0.587627	210.000000	210.000000	0.000000	0.000000	0.000000	
435.000000	5264.111328	678.353027	1.150708	-0.040411	79.214294	4.385153	210.000000	210.000000	0.000000	0.000000	0.000000	
436.000000	5277.399902	675.434998	0.637980	-0.035514	78.944298	1.737525	210.000000	210.000000	0.000000	0.000000	0.000000	
437.000000	5288.667480	672.074768	1.571219	-0.040965	78.956299	6.939256	210.000000	210.000000	0.000000	0.000000	0.000000	
438.000000	5303.212402	666.315063	1.788651	-0.038758	78.968300	8.434020	210.000000	210.000000	0.000000	0.000000	0.000000	
439.000000	5321.869141	657.711975	2.641422	-0.023432	78.926300	13.317141	210.000000	210.000000	0.000000	0.000000	0.000000	
440.000000	5345.708496	646.723267	2.181398	-0.028948	78.938301	11.134393	210.000000	210.000000	0.000000	0.000000	0.000000	
441.000000	5371.122559	638.140869	1.863287	-0.028342	78.950294	9.556562	210.000000	210.000000	0.000000	0.000000	0.000000	
442.000000	5396.121094	630.153625	1.662696	-0.025896	79.022301	8.577248	210.000000	210.000000	0.000000	0.000000	0.000000	
443.000000	5419.842773	623.140808	1.607814	-0.023438	79.034302	8.405467	210.000000	210.000000	0.000000	0.000000	0.000000	
444.000000	5441.511230	616.626099	1.591223	-0.023476	78.818298	8.281743	210.000000	210.000000	0.000000	0.000000	0.000000	
445.000000	5461.166504	611.996643	0.530382	-0.024392	77.294296	1.736914	210.000000	210.000000	0.000000	0.000000	0.000000	
446.000000	5477.147949	608.726379	1.002599	-0.034613	76.736298	4.844211	210.000000	210.000000	0.000000	0.000000	0.000000	
447.000000	5492.574219	604.464905	1.060007	-0.034741	76.634300	5.243392	210.000000	210.000000	0.000000	0.000000	0.000000	
448.000000	5507.651855	600.753540	0.605489	-0.027397	76.592300	2.348820	210.000000	210.000000	0.000000	0.000000	0.000000	
449.000000	5520.073730	597.547791	1.051777	-0.032440	76.604301	5.358219	210.000000	210.000000	0.000000	0.000000	0.000000	
450.000000	5532.248047	593.872314	0.920400	-0.029693	76.616295	4.550928	210.000000	210.000000	0.000000	0.000000	0.000000	
451.000000	5543.580078	590.746094	0.856472	-0.027998	76.574295	4.157907	210.000000	210.000000	0.000000	0.000000	0.000000	
452.000000	5553.545410	587.850708	0.883187	-0.027327	76.586296	4.385455	210.000000	210.000000	0.000000	0.000000	0.000000	
453.000000	5562.250000	585.186951	0.890088	-0.026428	76.598297	4.497037	210.000000	210.000000	0.000000	0.000000	0.000000	
454.000000	5569.761230	582.611572	0.899338	-0.025177	76.670296	4.607235	210.000000	210.000000	0.000000	0.000000	0.000000	
455.000000	5576.214355	580.307434	0.875253	-0.024843	76.568298	4.474916	210.000000	210.000000	0.000000	0.000000	0.000000	
456.000000	5581.326660	578.439636	0.859294	-0.023856	76.580299	4.408439	210.000000	210.000000	0.000000	0.000000	0.000000	
457.000000	5585.035645	576.597290	0.876406	-0.022923	76.652298	4.562033	210.000000	210.000000	0.000000	0.000000	0.000000	
458.000000	5587.474121	574.956848	0.854721	-0.022009	76.664299	4.458447	210.000000	210.000000	0.000000	0.000000	0.000000	
459.000000	5588.745117	572.985474	1.594542	-0.026125	76.676300	10.034529	210.000000	210.000000	0.000000	0.000000	0.000000	
460.000000	5593.040527	566.178528	2.124540	-0.020551	76.634300	14.031274	210.000000	210.000000	0.000000	0.000000	0.000000	
461.000000	5601.318848	558.462769	1.934730	-0.020682	76.646301	12.994546	210.000000	210.000000	0.000000	0.000000	0.000000	
462.000000	5609.165527	551.728271	1.808106	-0.019418	76.658295	12.386406	210.000000	210.000000	0.000000	0.000000	0.000000	
463.000000	5615.038086	545.402893	1.834976	-0.017672	76.616295	12.823718	210.000000	210.000000	0.000000	0.000000	0.000000	
464.000000	5618.676270	539.693420	1.715686	-0.016667	76.628296	12.175309	210.000000	210.000000	0.000000	0.000000	0.000000	
465.000000	5620.598633	534.864014	1.667732	0.008677	79.604301	11.952277	210.000000	210.000000	0.000000	0.000000	0.000000	
466.000000	5622.869141	532.205322	1.125276	0.035421	82.184296	7.706116	210.000000	210.000000	0.000000	0.000000	0.000000	
467.000000	5624.432129	531.494812	1.218062	0.044357	83.108299	8.473710	210.000000	210.000000	0.000000	0.000000	0.000000	
468.000000	5626.052246	529.978699	1.319616	0.047235	83.462296	9.325728	210.000000	210.000000	0.000000	0.000000	0.000000	
469.000000	5628.758301	528.718994	1.180086	0.049540	83.534302	8.299863	210.000000	210.000000	0.000000	0.000000	0.000000	
470.000000	5632.678711	527.118835	1.403559	0.052145	83.888298	10.121838	210.000000	210.000000	0.000000	0.000000	0.000000	
471.000000	5640.020020	524.539307	1.270931	0.065381	85.040298	9.053492	210.000000	210.000000	0.000000	0.000000	0.000000	
472.000000	5649.084961	523.450684	0.998469	0.077267	85.796295	6.917197	210.000000	210.000000	0.000000	0.000000	0.000000	
473.000000	5658.224121	522.219604	1.213701	0.078954	86.150299	8.682790	210.000000	210.000000	0.000000	0.000000	0.000000	
474.000000	5668.315918	521.015991	0.982017	0.083219	86.276299	6.809640	210.000000	210.000000	0.000000	0.000000	0.000000	
475.000000	5677.855957	520.371094	1.029315	0.083598	86.348297	7.172124	210.000000	210.000000	0.000000	0.000000	0.000000	
476.000000	5686.977051	519.839111	0.950274	0.084780	86.360298	6.539847	210.000000	210.000000	0.000000	0.000000	0.000000	
477.000000	5695.376953	519.560120	0.961224	0.084776	86.372299	6.632061	210.000000	210.000000	0.000000	0.000000	0.000000	
478.000000	5703.129883	519.314087	0.962761	0.084207	86.330299	6.651889	210.000000	210.000000	0.000000	0.000000	0.000000	
479.000000	5710.445801	519.148560	1.000014	0.083817	86.342300	6.985952	210.000000	210.000000	0.000000	0.000000	0.000000	
480.000000	5717.727051	518.790649	1.031409	0.083468	86.354301	7.267115	210.000000	210.000000	0.000000	0.000000	0.000000	
Time		H (m)		IAS (km/h)	G_vert 		G_horiz 	RPM 		AoA 		Hydro_m 	Hydro_b 	SAU 		Fors 		Trigger 
481.000000	5725.222168	518.408752	0.993706	0.084793	86.426300	6.953496	210.000000	210.000000	0.000000	0.000000	0.000000	
482.000000	5732.716309	518.170898	0.971794	0.085223	86.438301	6.781489	210.000000	210.000000	0.000000	0.000000	0.000000	
483.000000	5740.034668	517.906372	1.009004	0.083524	86.336296	7.086102	210.000000	210.000000	0.000000	0.000000	0.000000	
484.000000	5747.264160	517.730896	0.919070	0.085555	86.408295	6.329452	210.000000	210.000000	0.000000	0.000000	0.000000	
485.000000	5753.909180	517.827148	0.948466	0.085229	86.420296	6.573369	210.000000	210.000000	0.000000	0.000000	0.000000	
486.000000	5760.037598	517.856384	0.959186	0.085094	86.432297	6.662274	210.000000	210.000000	0.000000	0.000000	0.000000	
487.000000	5765.723145	518.018372	0.935504	0.084864	86.390297	6.459660	210.000000	210.000000	0.000000	0.000000	0.000000	
488.000000	5770.880859	518.275146	0.956269	0.084593	86.402298	6.626429	210.000000	210.000000	0.000000	0.000000	0.000000	
489.000000	5775.598633	518.566895	0.955598	0.084615	86.414299	6.618677	210.000000	210.000000	0.000000	0.000000	0.000000	
490.000000	5779.900879	518.901001	0.966516	0.083856	86.372299	6.700626	210.000000	210.000000	0.000000	0.000000	0.000000	
491.000000	5783.912598	519.278076	0.961784	0.083932	86.384300	6.648927	210.000000	210.000000	0.000000	0.000000	0.000000	
492.000000	5787.548340	519.745544	0.948919	0.084107	86.396301	6.526818	210.000000	210.000000	0.000000	0.000000	0.000000	
493.000000	5790.692871	520.301575	0.961969	0.083292	86.354301	6.622727	210.000000	210.000000	0.000000	0.000000	0.000000	
494.000000	5793.487305	520.860107	0.981729	0.083004	86.366295	6.771887	210.000000	210.000000	0.000000	0.000000	0.000000	
495.000000	5796.070313	521.445618	0.956701	0.083313	86.378296	6.542988	210.000000	210.000000	0.000000	0.000000	0.000000	
496.000000	5798.276367	522.087097	0.969409	0.083810	86.450294	6.638916	210.000000	210.000000	0.000000	0.000000	0.000000	
497.000000	5800.240723	522.718140	0.995907	0.082088	86.348297	6.839551	210.000000	210.000000	0.000000	0.000000	0.000000	
498.000000	5802.143555	523.368347	0.977205	0.082312	86.360298	6.670737	210.000000	210.000000	0.000000	0.000000	0.000000	
499.000000	5803.886230	524.041321	1.001639	0.082657	86.432297	6.856332	210.000000	210.000000	0.000000	0.000000	0.000000	
500.000000	5805.660645	524.639771	1.003385	0.082602	86.444298	6.854661	210.000000	210.000000	0.000000	0.000000	0.000000	
501.000000	5807.486328	525.248657	1.001650	0.082618	86.456299	6.823468	210.000000	210.000000	0.000000	0.000000	0.000000	
502.000000	5809.289551	525.858948	0.997166	0.082030	86.414299	6.765993	210.000000	210.000000	0.000000	0.000000	0.000000	
503.000000	5811.041504	526.497192	0.997243	0.082012	86.426300	6.746896	210.000000	210.000000	0.000000	0.000000	0.000000	
504.000000	5812.725098	527.142273	0.996885	0.081981	86.438301	6.732213	210.000000	210.000000	0.000000	0.000000	0.000000	
505.000000	5814.369629	527.770569	1.010279	0.081169	86.396301	6.819491	210.000000	210.000000	0.000000	0.000000	0.000000	
506.000000	5816.095703	528.365417	1.012796	0.081121	86.408295	6.827176	210.000000	210.000000	0.000000	0.000000	0.000000	
507.000000	5817.960938	528.864014	1.012586	0.081114	86.420296	6.799528	210.000000	210.000000	0.000000	0.000000	0.000000	
508.000000	5819.913574	529.473022	0.976915	0.080929	86.378296	6.494092	210.000000	210.000000	0.000000	0.000000	0.000000	
509.000000	5821.744141	530.139771	0.999270	0.080617	86.390297	6.657121	210.000000	210.000000	0.000000	0.000000	0.000000	
510.000000	5823.562500	530.745056	0.993357	0.080657	86.402298	6.581816	210.000000	210.000000	0.000000	0.000000	0.000000	
511.000000	5825.275391	531.472412	0.965684	0.080371	86.360298	6.343812	210.000000	210.000000	0.000000	0.000000	0.000000	
512.000000	5826.739258	532.205017	0.997639	0.079903	86.372299	6.579625	210.000000	210.000000	0.000000	0.000000	0.000000	
513.000000	5828.148438	532.916016	0.984502	0.080016	86.384300	6.463052	210.000000	210.000000	0.000000	0.000000	0.000000	
514.000000	5829.509766	533.578247	1.044649	0.079954	86.456299	6.934240	210.000000	210.000000	0.000000	0.000000	0.000000	
515.000000	5831.237793	534.046265	1.029603	0.078778	86.354301	6.800354	210.000000	210.000000	0.000000	0.000000	0.000000	
516.000000	5833.239746	534.588379	1.005999	0.079090	86.366295	6.590353	210.000000	210.000000	0.000000	0.000000	0.000000	
517.000000	5835.268555	535.077209	1.020316	0.079593	86.438301	6.705713	210.000000	210.000000	0.000000	0.000000	0.000000	
518.000000	5837.536621	535.476624	1.061323	0.079129	86.450294	7.013556	210.000000	210.000000	0.000000	0.000000	0.000000	
519.000000	5840.331055	535.774109	1.018716	0.079646	86.462296	6.661180	210.000000	210.000000	0.000000	0.000000	0.000000	
520.000000	5843.299805	536.178589	1.010761	0.079164	86.420296	6.588434	210.000000	210.000000	0.000000	0.000000	0.000000	
521.000000	5846.390625	536.507568	1.023760	0.079012	86.432297	6.674560	210.000000	210.000000	0.000000	0.000000	0.000000	
522.000000	5849.659668	536.872925	0.994341	0.079404	86.444298	6.434070	210.000000	210.000000	0.000000	0.000000	0.000000	
523.000000	5852.932617	537.229370	1.016779	0.078526	86.402298	6.591765	210.000000	210.000000	0.000000	0.000000	0.000000	
524.000000	5856.313477	537.615723	0.957800	0.079280	86.414299	6.097894	210.000000	210.000000	0.000000	0.000000	0.000000	
525.000000	5859.262695	538.272461	0.933702	0.079591	86.426300	5.902267	210.000000	210.000000	0.000000	0.000000	0.000000	
526.000000	5861.612793	538.842346	1.045785	0.077540	86.384300	6.769727	210.000000	210.000000	0.000000	0.000000	0.000000	
527.000000	5864.101074	539.306885	0.849841	0.080035	86.396301	5.174156	210.000000	210.000000	0.000000	0.000000	0.000000	
528.000000	5865.394043	540.560303	0.895344	0.079372	86.408295	5.540005	210.000000	210.000000	0.000000	0.000000	0.000000	
529.000000	5865.781738	541.394409	1.021575	0.076869	86.366295	6.479800	210.000000	210.000000	0.000000	0.000000	0.000000	
530.000000	5866.108887	542.419495	1.009593	0.077039	86.378296	6.478968	210.000000	210.000000	0.000000	0.000000	0.000000	
531.000000	5866.814941	542.676208	1.114494	0.075646	86.390297	7.232867	210.000000	210.000000	0.000000	0.000000	0.000000	
532.000000	5868.656738	543.056763	1.116644	0.076577	86.462296	7.235904	210.000000	210.000000	0.000000	0.000000	0.000000	
533.000000	5871.422852	543.225403	0.922784	0.078789	86.474297	5.672989	210.000000	210.000000	0.000000	0.000000	0.000000	
534.000000	5873.698730	544.216797	0.920923	0.077602	86.372299	5.656039	210.000000	210.000000	0.000000	0.000000	0.000000	
535.000000	5875.320801	544.743042	1.067809	0.076336	86.444298	6.776511	210.000000	210.000000	0.000000	0.000000	0.000000	
536.000000	5877.368164	545.329041	0.947307	0.077783	86.456299	5.840570	210.000000	210.000000	0.000000	0.000000	0.000000	
537.000000	5879.149902	545.949585	1.023487	0.076872	86.468300	6.405303	210.000000	210.000000	0.000000	0.000000	0.000000	
538.000000	5881.065430	546.466797	1.005723	0.076397	86.426300	6.255006	210.000000	210.000000	0.000000	0.000000	0.000000	
539.000000	5883.085938	547.067566	1.003773	0.076425	86.438301	6.235782	210.000000	210.000000	0.000000	0.000000	0.000000	
540.000000	5885.254883	547.482971	1.080338	0.075551	86.450294	6.816545	210.000000	210.000000	0.000000	0.000000	0.000000	
Time		H (m)		IAS (km/h)	G_vert 		G_horiz 	RPM 		AoA 		Hydro_m 	Hydro_b 	SAU 		Fors 		Trigger 
541.000000	5888.071289	547.726746	1.024825	0.075548	86.408295	6.383008	210.000000	210.000000	0.000000	0.000000	0.000000	
542.000000	5891.250488	548.058350	1.032797	0.075525	86.420296	6.433392	210.000000	210.000000	0.000000	0.000000	0.000000	
543.000000	5894.761230	548.272461	0.993444	0.075991	86.432297	6.070418	210.000000	210.000000	0.000000	0.000000	0.000000	
544.000000	5897.992188	548.998047	0.864097	0.077085	86.390297	5.113728	210.000000	210.000000	0.000000	0.000000	0.000000	
545.000000	5900.362305	549.544373	1.054592	0.074600	86.402298	6.525536	210.000000	210.000000	0.000000	0.000000	0.000000	
546.000000	5902.917969	550.106567	0.910668	0.076333	86.414299	5.425728	210.000000	210.000000	0.000000	0.000000	0.000000	
547.000000	5904.892090	550.785217	1.009589	0.074508	86.372299	6.155761	210.000000	210.000000	0.000000	0.000000	0.000000	
548.000000	5906.828613	551.341980	0.980996	0.074753	86.384300	5.927788	210.000000	210.000000	0.000000	0.000000	0.000000	
549.000000	5908.643066	552.051758	0.974949	0.074815	86.396301	5.865608	210.000000	210.000000	0.000000	0.000000	0.000000	
550.000000	5910.246582	552.715210	0.999415	0.075156	86.468300	6.032917	210.000000	210.000000	0.000000	0.000000	0.000000	
551.000000	5911.827637	553.398865	0.979935	0.075343	86.480301	5.871394	210.000000	210.000000	0.000000	0.000000	0.000000	
552.000000	5913.273438	554.102173	0.996465	0.073756	86.378296	5.976892	210.000000	210.000000	0.000000	0.000000	0.000000	
553.000000	5914.633789	554.836792	0.946405	0.075007	86.450294	5.564849	210.000000	210.000000	0.000000	0.000000	0.000000	
554.000000	5915.531738	555.808105	0.930428	0.075135	86.462296	5.423818	210.000000	210.000000	0.000000	0.000000	0.000000	
555.000000	5915.788574	556.813904	0.957272	0.074661	86.474297	5.599971	210.000000	210.000000	0.000000	0.000000	0.000000	
556.000000	5915.531738	557.890930	0.959159	0.073871	86.432297	5.606650	210.000000	210.000000	0.000000	0.000000	0.000000	
557.000000	5914.919434	558.729248	1.084974	0.072353	86.444298	6.531942	210.000000	210.000000	0.000000	0.000000	0.000000	
558.000000	5914.811035	559.400818	1.038749	0.072738	86.456299	6.203200	210.000000	210.000000	0.000000	0.000000	0.000000	
559.000000	5915.229004	560.004333	1.147537	0.091935	88.124298	6.983591	210.000000	210.000000	0.000000	1.000000	0.000000	
560.000000	5916.892090	561.670227	1.118996	0.160084	93.494301	6.726819	210.000000	210.000000	0.000000	1.000000	0.000000	
561.000000	5919.783203	564.802673	1.090150	0.210455	95.558296	6.434408	210.000000	210.000000	0.000000	1.000000	0.000000	
562.000000	5923.702148	568.671509	1.106835	0.228639	96.314301	6.445832	210.000000	210.000000	0.000000	1.000000	0.000000	
563.000000	5928.742188	572.758057	1.073425	0.234764	96.554298	6.104560	210.000000	210.000000	0.000000	1.000000	0.000000	
564.000000	5934.522949	577.037842	0.950385	0.239072	96.680298	5.105756	210.000000	210.000000	0.000000	1.000000	0.000000	
565.000000	5940.059082	581.703369	0.979272	0.240494	96.752296	5.181329	210.000000	210.000000	0.000000	1.000000	0.000000	
566.000000	5945.270020	586.428040	0.899377	0.241523	96.764297	4.540345	210.000000	210.000000	0.000000	1.000000	0.000000	
567.000000	5949.710449	590.896118	0.951656	0.241039	96.776299	4.799810	210.000000	210.000000	0.000000	1.000000	0.000000	
568.000000	5953.613770	595.846313	0.958990	0.239552	96.734299	4.757155	210.000000	210.000000	0.000000	1.000000	0.000000	
569.000000	5957.180664	600.863037	0.967420	0.239456	96.746300	4.721037	210.000000	210.000000	0.000000	1.000000	0.000000	
570.000000	5960.469727	605.864624	0.994136	0.239109	96.758301	4.801730	210.000000	210.000000	0.000000	1.000000	0.000000	
571.000000	5963.684082	610.898621	0.997315	0.237635	96.716301	4.728557	210.000000	210.000000	0.000000	1.000000	0.000000	
572.000000	5966.900391	615.911987	0.983299	0.237655	96.728294	4.554748	210.000000	210.000000	0.000000	1.000000	0.000000	
573.000000	5970.136230	620.896729	1.049666	0.236920	96.740295	4.882535	210.000000	210.000000	0.000000	1.000000	0.000000	
574.000000	5973.847656	625.714844	1.069170	0.235169	96.698296	4.931528	210.000000	210.000000	0.000000	1.000000	0.000000	
575.000000	5978.458496	630.194885	1.222930	0.233995	96.710297	5.790540	210.000000	210.000000	0.000000	1.000000	0.000000	
576.000000	5984.921387	634.215881	1.164235	0.234100	96.722298	5.365730	210.000000	210.000000	0.000000	1.000000	0.000000	
577.000000	5992.945801	637.746277	1.213667	0.235251	96.794296	5.583690	210.000000	210.000000	0.000000	1.000000	0.000000	
578.000000	6002.675293	641.312805	1.173628	0.232177	96.692299	5.265613	210.000000	210.000000	0.000000	1.000000	0.000000	
579.000000	6013.672852	644.938416	1.010226	0.233071	96.704300	4.124031	210.000000	210.000000	0.000000	1.000000	0.000000	
580.000000	6023.662598	649.491882	0.501723	0.241003	96.776299	1.137840	210.000000	210.000000	0.000000	1.000000	0.000000	
581.000000	6029.900879	654.637390	0.725436	0.237213	96.788300	2.298094	210.000000	210.000000	0.000000	1.000000	0.000000	
582.000000	6032.820313	660.442261	0.515664	0.239827	96.800301	1.110111	210.000000	210.000000	0.000000	1.000000	0.000000	
583.000000	6031.203125	666.609131	0.944193	0.232329	96.758301	3.436311	210.000000	210.000000	0.000000	1.000000	0.000000	
584.000000	6026.896973	672.875977	0.934725	0.212516	96.086296	3.359937	210.000000	210.000000	0.000000	1.000000	0.000000	
585.000000	6020.422363	677.293274	1.224596	0.121470	92.336296	4.918328	210.000000	210.000000	0.000000	0.000000	0.000000	
586.000000	6014.217773	679.997498	1.114614	0.092706	90.812302	4.253836	210.000000	210.000000	0.000000	0.000000	0.000000	
587.000000	6008.590332	682.263123	1.162719	0.082731	90.254295	4.478267	210.000000	210.000000	0.000000	0.000000	0.000000	
588.000000	6004.250000	684.092407	1.164626	0.079967	90.152298	4.460791	210.000000	210.000000	0.000000	0.000000	0.000000	
589.000000	6001.514160	685.763000	1.228176	0.076471	89.996300	4.788217	210.000000	210.000000	0.000000	0.000000	0.000000	
590.000000	6000.291504	686.915710	1.204118	0.075860	90.008301	4.592212	210.000000	210.000000	0.000000	0.000000	0.000000	
591.000000	5999.894043	688.399719	1.001724	0.076458	90.020302	3.529340	210.000000	210.000000	0.000000	0.000000	0.000000	
592.000000	5999.106445	689.893127	0.985155	0.074889	89.978294	3.373727	210.000000	210.000000	0.000000	0.000000	0.000000	
593.000000	5997.671875	691.792419	0.904285	0.074707	89.990295	2.946984	210.000000	210.000000	0.000000	0.000000	0.000000	
594.000000	5995.363281	693.583801	0.999592	0.072811	90.002296	3.412093	210.000000	210.000000	0.000000	0.000000	0.000000	
595.000000	5993.055176	695.316223	1.171173	0.070129	89.960297	4.335958	210.000000	210.000000	0.000000	0.000000	0.000000	
596.000000	5991.747559	696.480713	0.817879	0.053532	88.718300	2.498588	210.000000	210.000000	0.000000	0.000000	0.000000	
597.000000	5989.937500	697.330872	1.266113	0.034129	87.590302	4.744445	210.000000	210.000000	0.000000	0.000000	0.000000	
598.000000	5989.470215	697.367188	1.129800	0.027800	87.092300	4.068114	210.000000	210.000000	0.000000	0.000000	0.000000	
599.000000	5990.284180	697.314453	1.123756	0.024992	86.876297	4.035321	210.000000	210.000000	0.000000	0.000000	0.000000	
600.000000	5992.207031	697.089172	1.056441	0.025680	86.888298	3.684174	210.000000	210.000000	0.000000	0.000000	0.000000	
Time		H (m)		IAS (km/h)	G_vert 		G_horiz 	RPM 		AoA 		Hydro_m 	Hydro_b 	SAU 		Fors 		Trigger 
601.000000	5994.601074	696.905945	1.017310	0.025461	86.846298	3.453905	210.000000	210.000000	0.000000	0.000000	0.000000	
602.000000	5996.614258	696.953003	0.906427	0.026594	86.858299	2.828260	210.000000	210.000000	0.000000	0.000000	0.000000	
603.000000	5997.023438	697.467896	0.704577	0.028594	86.870300	1.830577	210.000000	210.000000	0.000000	0.000000	0.000000	
604.000000	5995.157227	698.167053	0.951049	0.024893	86.828300	3.077734	210.000000	210.000000	0.000000	0.000000	0.000000	
605.000000	5992.345215	698.945313	0.904854	0.024941	86.840302	2.922625	210.000000	210.000000	0.000000	0.000000	0.000000	
606.000000	5989.445313	698.980225	1.446402	0.022534	86.852295	5.648297	210.000000	210.000000	0.000000	0.000000	0.000000	
607.000000	5989.513672	698.650818	1.150862	0.023042	86.810295	4.182530	210.000000	210.000000	0.000000	0.000000	0.000000	
608.000000	5991.292480	698.333252	0.852772	0.025628	86.822296	2.562521	210.000000	210.000000	0.000000	0.000000	0.000000	
609.000000	5991.865723	698.862793	0.857980	0.025504	86.834297	2.726696	210.000000	210.000000	0.000000	0.000000	0.000000	
610.000000	5992.223145	697.832031	2.059605	0.027648	86.792297	8.938625	210.000000	210.000000	0.000000	0.000000	0.000000	
611.000000	6000.678223	694.148438	1.411183	0.024877	86.804298	5.694848	210.000000	210.000000	0.000000	0.000000	0.000000	
612.000000	6013.737793	691.559631	1.784889	0.028456	86.816299	7.581347	210.000000	210.000000	0.000000	0.000000	0.000000	
613.000000	6029.958984	688.034424	1.339883	0.029890	86.888298	5.416720	210.000000	210.000000	0.000000	0.000000	0.000000	
614.000000	6047.119141	684.611633	1.821919	0.033794	86.900299	7.971433	210.000000	210.000000	0.000000	0.000000	0.000000	
615.000000	6064.950195	680.642273	1.562003	0.034635	86.912300	6.730553	210.000000	210.000000	0.000000	0.000000	0.000000	
616.000000	6081.466309	677.196167	1.672580	0.036480	86.870300	7.375440	210.000000	210.000000	0.000000	0.000000	0.000000	
617.000000	6096.434082	673.880493	1.600747	0.038087	86.882301	7.073780	210.000000	210.000000	0.000000	0.000000	0.000000	
618.000000	6109.246094	671.291992	1.619009	0.039888	86.894295	7.231788	210.000000	210.000000	0.000000	0.000000	0.000000	
619.000000	6119.618164	668.715637	1.617970	0.042321	86.966301	7.314926	210.000000	210.000000	0.000000	0.000000	0.000000	
620.000000	6127.396484	666.258545	1.728126	0.044499	86.978294	7.996341	210.000000	210.000000	0.000000	0.000000	0.000000	
621.000000	6131.625977	663.861816	1.960399	0.048099	86.990295	9.351200	210.000000	210.000000	0.000000	0.000000	0.000000	
622.000000	6131.028809	661.340454	1.972600	0.048344	86.948296	9.481374	210.000000	210.000000	0.000000	0.000000	0.000000	
623.000000	6124.199707	659.654968	2.175635	0.052608	86.960297	10.664219	210.000000	210.000000	0.000000	0.000000	0.000000	
624.000000	6110.177246	658.312317	2.101862	0.051900	86.972298	10.306096	210.000000	210.000000	0.000000	0.000000	0.000000	
625.000000	6088.816895	658.333313	2.129101	0.052050	86.930298	10.444492	210.000000	210.000000	0.000000	0.000000	0.000000	
626.000000	6060.113281	659.250488	2.124537	0.052062	86.942299	10.400915	210.000000	210.000000	0.000000	0.000000	0.000000	
627.000000	6024.671875	660.953979	2.274850	0.054967	86.954300	11.186383	210.000000	210.000000	0.000000	0.000000	0.000000	
628.000000	5983.398438	662.431580	2.453973	0.058626	86.912300	12.171741	210.000000	210.000000	0.000000	0.000000	0.000000	
629.000000	5936.558105	663.329468	2.789702	0.067894	86.924301	13.852805	210.000000	210.000000	0.000000	0.000000	0.000000	
630.000000	5884.992188	664.583679	2.698669	0.064998	86.936295	13.329871	210.000000	210.000000	0.000000	0.000000	0.000000	
631.000000	5829.446777	666.540161	2.729090	0.064463	86.894295	13.359818	210.000000	210.000000	0.000000	0.000000	0.000000	
632.000000	5769.368652	669.701843	2.537002	0.058618	86.906296	12.250525	210.000000	210.000000	0.000000	0.000000	0.000000	
633.000000	5705.404297	673.639465	2.639860	0.060248	86.918297	12.617714	210.000000	210.000000	0.000000	0.000000	0.000000	
634.000000	5640.378418	677.638855	2.660388	0.059188	86.876297	12.585796	210.000000	210.000000	0.000000	0.000000	0.000000	
635.000000	5576.458496	681.059204	2.775164	0.061779	86.888298	13.045158	210.000000	210.000000	0.000000	0.000000	0.000000	
636.000000	5514.022949	683.345093	3.060062	0.070773	86.900299	14.361070	210.000000	210.000000	0.000000	0.000000	0.000000	
637.000000	5452.162598	685.126953	2.930007	0.065215	86.858299	13.662591	210.000000	210.000000	0.000000	0.000000	0.000000	
638.000000	5389.528809	686.980530	2.983807	0.066477	86.870300	13.823227	210.000000	210.000000	0.000000	0.000000	0.000000	
639.000000	5326.541504	689.064209	2.966274	0.065142	86.882301	13.616909	210.000000	210.000000	0.000000	0.000000	0.000000	
640.000000	5264.676270	691.600525	2.830371	0.059809	86.840302	12.864418	210.000000	210.000000	0.000000	0.000000	0.000000	
641.000000	5206.061523	693.770752	2.895034	0.060867	86.852295	13.060154	210.000000	210.000000	0.000000	0.000000	0.000000	
642.000000	5154.032227	695.263916	2.786117	0.056184	86.750298	12.484285	210.000000	210.000000	0.000000	0.000000	0.000000	
643.000000	5109.952148	695.823975	2.771379	0.056604	86.822296	12.367894	210.000000	210.000000	0.000000	0.000000	0.000000	
644.000000	5073.981934	695.444702	2.738173	0.056313	86.834297	12.211010	210.000000	210.000000	0.000000	0.000000	0.000000	
645.000000	5046.780273	693.826355	2.695469	0.054296	86.732300	12.017297	210.000000	210.000000	0.000000	0.000000	0.000000	
646.000000	5028.372070	691.589905	2.496933	0.051773	86.804298	11.051944	210.000000	210.000000	0.000000	0.000000	0.000000	
647.000000	5017.074219	689.950439	2.092600	0.047391	86.816299	9.024672	210.000000	210.000000	0.000000	0.000000	0.000000	
648.000000	5011.351563	689.459717	1.259099	0.044212	86.600296	4.677279	210.000000	210.000000	0.000000	0.000000	0.000000	
649.000000	5006.701172	690.907898	0.845361	0.035290	85.646301	2.635010	210.000000	210.000000	0.000000	0.000000	0.000000	
650.000000	5000.979492	691.914429	0.894029	0.028227	85.202301	2.739416	210.000000	210.000000	0.000000	0.000000	0.000000	
651.000000	4994.288086	693.657715	0.764881	0.028352	85.100296	2.057152	210.000000	210.000000	0.000000	0.000000	0.000000	
652.000000	4985.315918	695.545654	0.806099	0.028008	85.172295	2.241997	210.000000	210.000000	0.000000	0.000000	0.000000	
653.000000	4974.388672	697.809448	0.891947	0.026412	85.184296	2.691216	210.000000	210.000000	0.000000	0.000000	0.000000	
654.000000	4962.150879	699.860046	0.985586	0.024707	85.196297	3.126506	210.000000	210.000000	0.000000	0.000000	0.000000	
655.000000	4948.421387	702.278015	0.943397	0.024019	85.154297	2.895619	210.000000	210.000000	0.000000	0.000000	0.000000	
656.000000	4930.794922	705.047485	1.251854	0.020548	85.166298	4.482675	210.000000	210.000000	0.000000	0.000000	0.000000	
657.000000	4909.655273	707.080627	1.491604	0.018506	85.178299	5.601800	210.000000	210.000000	0.000000	0.000000	0.000000	
658.000000	4886.700195	709.343872	1.628465	0.017323	85.136299	6.247982	210.000000	210.000000	0.000000	0.000000	0.000000	
659.000000	4862.924805	711.304810	1.509304	0.016893	85.148300	5.622421	210.000000	210.000000	0.000000	0.000000	0.000000	
660.000000	4838.746094	713.885803	1.568016	0.016435	85.160301	5.847784	210.000000	210.000000	0.000000	0.000000	0.000000	
Time		H (m)		IAS (km/h)	G_vert 		G_horiz 	RPM 		AoA 		Hydro_m 	Hydro_b 	SAU 		Fors 		Trigger 
661.000000	4814.454590	716.222656	1.528172	0.015230	85.118301	5.611504	210.000000	210.000000	0.000000	0.000000	0.000000	
662.000000	4789.913086	718.815430	1.504315	0.014817	85.130295	5.447123	210.000000	210.000000	0.000000	0.000000	0.000000	
663.000000	4765.672852	721.286987	1.527381	0.014191	85.142296	5.508994	210.000000	210.000000	0.000000	0.000000	0.000000	
664.000000	4742.786621	723.584900	1.516204	0.013017	85.100296	5.412882	210.000000	210.000000	0.000000	0.000000	0.000000	
665.000000	4721.633789	725.655151	1.463764	0.012776	85.112297	5.123377	210.000000	210.000000	0.000000	0.000000	0.000000	
666.000000	4702.411621	727.564026	1.471839	0.012439	85.124298	5.125638	210.000000	210.000000	0.000000	0.000000	0.000000	
667.000000	4685.268555	729.108826	1.471927	0.011430	85.082298	5.099866	210.000000	210.000000	0.000000	0.000000	0.000000	
668.000000	4670.463379	730.078674	1.675702	0.011061	85.094299	6.026513	210.000000	210.000000	0.000000	0.000000	0.000000	
669.000000	4660.966797	730.157715	1.311478	0.012269	85.106300	4.322695	210.000000	210.000000	0.000000	0.000000	0.000000	
670.000000	4655.170410	730.592163	1.388852	0.011433	85.064301	4.662789	210.000000	210.000000	0.000000	0.000000	0.000000	
671.000000	4652.755371	730.179504	1.311731	0.012106	85.076302	4.300401	210.000000	210.000000	0.000000	0.000000	0.000000	
672.000000	4653.435059	729.682007	1.265772	0.012934	85.088295	4.099943	210.000000	210.000000	0.000000	0.000000	0.000000	
673.000000	4656.684082	728.690186	1.272694	0.012599	85.046295	4.157577	210.000000	210.000000	0.000000	0.000000	0.000000	
674.000000	4663.176270	726.769714	1.752522	0.012035	85.058296	6.470507	210.000000	210.000000	0.000000	0.000000	0.000000	
675.000000	4675.451660	722.924072	1.725363	0.013176	85.070297	6.381680	210.000000	210.000000	0.000000	0.000000	0.000000	
676.000000	4691.791016	719.310913	1.525356	0.016092	85.142296	5.539345	210.000000	210.000000	0.000000	0.000000	0.000000	
677.000000	4710.181641	715.169678	1.602279	0.017283	85.154297	5.966146	210.000000	210.000000	0.000000	0.000000	0.000000	
678.000000	4730.451172	711.396912	1.553298	0.019071	85.166298	5.814233	210.000000	210.000000	0.000000	0.000000	0.000000	
679.000000	4751.890625	706.960754	1.550044	0.019911	85.124298	5.878255	210.000000	210.000000	0.000000	0.000000	0.000000	
680.000000	4774.435547	702.488220	1.530803	0.021606	85.136299	5.869564	210.000000	210.000000	0.000000	0.000000	0.000000	
681.000000	4797.595703	697.941101	1.524209	0.023218	85.148300	5.922597	210.000000	210.000000	0.000000	0.000000	0.000000	
682.000000	4821.148438	693.323547	1.533037	0.024062	85.106300	6.051969	210.000000	210.000000	0.000000	0.000000	0.000000	
683.000000	4845.873047	688.596252	1.495857	0.025746	85.118301	5.960410	210.000000	210.000000	0.000000	0.000000	0.000000	
684.000000	4872.879883	683.623901	1.466013	0.027471	85.130295	5.895954	210.000000	210.000000	0.000000	0.000000	0.000000	
685.000000	4902.841309	678.555969	1.086206	0.032615	85.202301	3.908199	210.000000	210.000000	0.000000	0.000000	0.000000	
686.000000	4933.502441	674.649780	0.811083	0.037530	85.214294	2.505759	210.000000	210.000000	0.000000	0.000000	0.000000	
687.000000	4962.475586	670.981445	0.815522	0.038491	85.226295	2.548088	210.000000	210.000000	0.000000	0.000000	0.000000	
688.000000	4989.425781	668.114868	0.758202	0.039629	85.184296	2.279675	210.000000	210.000000	0.000000	0.000000	0.000000	
689.000000	5014.135254	665.242126	0.774190	0.040054	85.196297	2.469742	210.000000	210.000000	0.000000	0.000000	0.000000	
690.000000	5037.221191	662.323547	1.128340	0.036637	85.208298	4.408010	210.000000	210.000000	0.000000	0.000000	0.000000	
691.000000	5060.574219	659.154114	0.924815	0.039176	85.166298	3.360262	210.000000	210.000000	0.000000	0.000000	0.000000	
692.000000	5083.688477	656.223633	1.027309	0.038883	85.178299	3.958434	210.000000	210.000000	0.000000	0.000000	0.000000	
693.000000	5106.773926	653.241333	0.956329	0.040608	85.190300	3.614139	210.000000	210.000000	0.000000	0.000000	0.000000	
694.000000	5129.396484	650.385437	0.963425	0.042298	85.262299	3.594572	210.000000	210.000000	0.000000	0.000000	0.000000	
695.000000	5150.872070	648.218201	0.492430	0.050289	85.274300	0.982833	210.000000	210.000000	0.000000	0.000000	0.000000	
696.000000	5168.274902	646.820435	0.744412	0.046487	85.286301	2.411880	210.000000	210.000000	0.000000	0.000000	0.000000	
697.000000	5182.529297	645.818726	0.599857	0.048441	85.244301	1.607957	210.000000	210.000000	0.000000	0.000000	0.000000	
698.000000	5193.355957	645.393433	0.835512	0.044891	85.256302	3.009485	210.000000	210.000000	0.000000	0.000000	0.000000	
699.000000	5202.327637	644.814514	0.855232	0.044731	85.268295	3.129609	210.000000	210.000000	0.000000	0.000000	0.000000	
700.000000	5209.853027	644.587769	0.828688	0.044614	85.226295	2.984864	210.000000	210.000000	0.000000	0.000000	0.000000	
701.000000	5215.798340	644.532043	0.862796	0.044202	85.238297	3.180364	210.000000	210.000000	0.000000	0.000000	0.000000	
702.000000	5220.374512	644.699219	0.858921	0.044310	85.250298	3.159385	210.000000	210.000000	0.000000	0.000000	0.000000	
703.000000	5223.559082	645.042847	0.866761	0.043502	85.208298	3.199019	210.000000	210.000000	0.000000	0.000000	0.000000	
704.000000	5225.453613	645.597290	0.861732	0.043520	85.220299	3.163380	210.000000	210.000000	0.000000	0.000000	0.000000	
705.000000	5226.003418	646.345520	0.868625	0.043316	85.232300	3.192253	210.000000	210.000000	0.000000	0.000000	0.000000	
706.000000	5225.262695	647.282166	0.867799	0.043942	85.304298	3.173509	210.000000	210.000000	0.000000	0.000000	0.000000	
707.000000	5223.211426	648.414551	0.862612	0.042352	85.202301	3.129126	210.000000	210.000000	0.000000	0.000000	0.000000	
708.000000	5219.822266	649.752380	0.869878	0.041995	85.214294	3.152232	210.000000	210.000000	0.000000	0.000000	0.000000	
709.000000	5215.170898	651.098206	0.872060	0.042424	85.286301	3.144812	210.000000	210.000000	0.000000	0.000000	0.000000	
710.000000	5209.233398	652.764160	0.877385	0.042000	85.298302	3.152336	210.000000	210.000000	0.000000	0.000000	0.000000	
711.000000	5202.077637	654.600098	0.917963	0.039571	85.196297	3.412066	210.000000	210.000000	0.000000	0.000000	0.000000	
712.000000	5194.604004	656.056763	1.153350	0.037441	85.268295	4.673265	210.000000	210.000000	0.000000	0.000000	0.000000	
713.000000	5188.132324	657.365540	1.012659	0.038686	85.280296	3.888744	210.000000	210.000000	0.000000	0.000000	0.000000	
714.000000	5182.067383	658.609863	1.111954	0.037428	85.292297	4.413462	210.000000	210.000000	0.000000	0.000000	0.000000	
715.000000	5176.982422	659.622192	1.088734	0.036816	85.250298	4.273308	210.000000	210.000000	0.000000	0.000000	0.000000	
716.000000	5172.865234	660.396790	1.210192	0.035655	85.262299	4.936663	210.000000	210.000000	0.000000	0.000000	0.000000	
717.000000	5170.548828	660.729919	1.155043	0.036124	85.274300	4.635259	210.000000	210.000000	0.000000	0.000000	0.000000	
718.000000	5169.895020	660.910461	1.173817	0.035394	85.232300	4.718184	210.000000	210.000000	0.000000	0.000000	0.000000	
719.000000	5170.765625	660.922363	1.107537	0.036146	85.244301	4.362520	210.000000	210.000000	0.000000	0.000000	0.000000	
720.000000	5172.834961	660.792236	1.146347	0.035963	85.256302	4.572758	210.000000	210.000000	0.000000	0.000000	0.000000	
Time		H (m)		IAS (km/h)	G_vert 		G_horiz 	RPM 		AoA 		Hydro_m 	Hydro_b 	SAU 		Fors 		Trigger 
721.000000	5176.233398	660.440857	1.104662	0.035888	85.214294	4.347387	210.000000	210.000000	0.000000	0.000000	0.000000	
722.000000	5180.734375	660.007324	1.109104	0.036129	85.226295	4.378101	210.000000	210.000000	0.000000	0.000000	0.000000	
723.000000	5186.287598	659.383667	1.105909	0.036451	85.238297	4.370860	210.000000	210.000000	0.000000	0.000000	0.000000	
724.000000	5192.851563	658.629395	1.103167	0.036135	85.196297	4.368033	210.000000	210.000000	0.000000	0.000000	0.000000	
725.000000	5200.465332	657.711731	1.101560	0.036528	85.208298	4.373919	210.000000	210.000000	0.000000	0.000000	0.000000	
726.000000	5209.072754	656.675659	1.082111	0.037137	85.220299	4.280578	210.000000	210.000000	0.000000	0.000000	0.000000	
727.000000	5218.456055	655.555359	1.082196	0.038349	85.292297	4.298676	210.000000	210.000000	0.000000	0.000000	0.000000	
728.000000	5228.690918	654.301941	1.077592	0.038852	85.304298	4.293375	210.000000	210.000000	0.000000	0.000000	0.000000	
729.000000	5239.693359	653.102905	1.071625	0.037948	85.202301	4.276284	210.000000	210.000000	0.000000	0.000000	0.000000	
730.000000	5251.238281	651.777100	0.841699	0.041896	85.274300	2.965656	210.000000	210.000000	0.000000	0.000000	0.000000	
731.000000	5261.607422	651.146729	0.880495	0.041853	85.286301	3.191945	210.000000	210.000000	0.000000	0.000000	0.000000	
732.000000	5270.633301	650.430786	0.887344	0.041908	85.298302	3.240105	210.000000	210.000000	0.000000	0.000000	0.000000	
733.000000	5278.555664	650.053101	0.864321	0.041793	85.256302	3.117715	210.000000	210.000000	0.000000	0.000000	0.000000	
734.000000	5285.214844	649.779358	0.888969	0.041590	85.268295	3.258229	210.000000	210.000000	0.000000	0.000000	0.000000	
735.000000	5290.743164	649.732483	0.867376	0.042002	85.280296	3.138936	210.000000	210.000000	0.000000	0.000000	0.000000	
736.000000	5294.979980	649.849487	0.883789	0.041150	85.238297	3.228641	210.000000	210.000000	0.000000	0.000000	0.000000	
737.000000	5298.075684	650.155334	0.873001	0.041309	85.250298	3.164808	210.000000	210.000000	0.000000	0.000000	0.000000	
738.000000	5299.948730	650.633362	0.882201	0.041148	85.262299	3.213269	210.000000	210.000000	0.000000	0.000000	0.000000	
739.000000	5300.689941	651.186279	0.916238	0.039962	85.220299	3.402771	210.000000	210.000000	0.000000	0.000000	0.000000	
740.000000	5300.595215	651.840332	0.935632	0.039615	85.232300	3.516214	210.000000	210.000000	0.000000	0.000000	0.000000	
741.000000	5300.015137	652.452393	1.052016	0.038244	85.244301	4.163897	210.000000	210.000000	0.000000	0.000000	0.000000	
742.000000	5299.809570	652.808228	1.110824	0.038425	85.316299	4.513667	210.000000	210.000000	0.000000	0.000000	0.000000	
743.000000	5300.637207	652.869812	1.104375	0.037102	85.214294	4.470909	210.000000	210.000000	0.000000	0.000000	0.000000	
744.000000	5302.479004	652.890259	1.081670	0.037492	85.226295	4.346072	210.000000	210.000000	0.000000	0.000000	0.000000	
745.000000	5305.142578	652.737793	1.099037	0.038237	85.298302	4.443604	210.000000	210.000000	0.000000	0.000000	0.000000	
746.000000	5308.767090	652.469788	1.085372	0.038586	85.310295	4.372932	210.000000	210.000000	0.000000	0.000000	0.000000	
747.000000	5313.257324	652.061768	1.093031	0.038744	85.322296	4.421479	210.000000	210.000000	0.000000	0.000000	0.000000	
748.000000	5318.613770	651.524719	1.085617	0.038403	85.280296	4.389266	210.000000	210.000000	0.000000	0.000000	0.000000	
749.000000	5324.854980	650.937134	1.087480	0.038689	85.292297	4.410129	210.000000	210.000000	0.000000	0.000000	0.000000	
750.000000	5331.949219	650.167542	1.082796	0.039072	85.304298	4.396914	210.000000	210.000000	0.000000	0.000000	0.000000	
751.000000	5339.812988	649.279053	1.081621	0.038761	85.262299	4.404811	210.000000	210.000000	0.000000	0.000000	0.000000	
752.000000	5348.520020	648.282654	1.077770	0.039192	85.274300	4.399807	210.000000	210.000000	0.000000	0.000000	0.000000	
753.000000	5357.987305	647.186584	1.068819	0.039699	85.286301	4.365452	210.000000	210.000000	0.000000	0.000000	0.000000	
754.000000	5368.041504	646.047302	1.000090	0.040159	85.244301	3.980031	210.000000	210.000000	0.000000	0.000000	0.000000	
755.000000	5378.249512	645.053711	1.004915	0.040533	85.256302	4.022436	210.000000	210.000000	0.000000	0.000000	0.000000	
756.000000	5388.472168	643.994141	1.002614	0.040916	85.268295	4.024552	210.000000	210.000000	0.000000	0.000000	0.000000	
757.000000	5398.650879	642.994812	0.982993	0.042285	85.340302	3.927739	210.000000	210.000000	0.000000	0.000000	0.000000	
758.000000	5408.752930	642.013489	0.992420	0.042534	85.352295	3.996154	210.000000	210.000000	0.000000	0.000000	0.000000	
759.000000	5418.756348	641.152771	0.981092	0.041586	85.250298	3.946739	210.000000	210.000000	0.000000	0.000000	0.000000	
760.000000	5428.498535	640.267944	0.921481	0.043376	85.322296	3.603590	210.000000	210.000000	0.000000	0.000000	0.000000	
761.000000	5437.654297	639.585327	0.976276	0.043044	85.334297	3.947315	210.000000	210.000000	0.000000	0.000000	0.000000	
762.000000	5446.552734	638.730896	1.004401	0.042979	85.346298	4.121083	210.000000	210.000000	0.000000	0.000000	0.000000	
763.000000	5455.397461	637.976929	0.972044	0.043008	85.304298	3.947960	210.000000	210.000000	0.000000	0.000000	0.000000	
764.000000	5464.071289	637.220032	0.994368	0.043035	85.316299	4.086874	210.000000	210.000000	0.000000	0.000000	0.000000	
765.000000	5472.627441	636.514709	0.961920	0.043701	85.328300	3.908926	210.000000	210.000000	0.000000	0.000000	0.000000	
766.000000	5480.813965	635.877930	0.975980	0.043132	85.286301	3.999686	210.000000	210.000000	0.000000	0.000000	0.000000	
767.000000	5488.778809	635.279175	0.965011	0.043512	85.298302	3.945919	210.000000	210.000000	0.000000	0.000000	0.000000	
768.000000	5496.417969	634.738831	0.968494	0.043714	85.310295	3.974473	210.000000	210.000000	0.000000	0.000000	0.000000	
769.000000	5503.690918	634.297302	0.962120	0.043341	85.268295	3.944436	210.000000	210.000000	0.000000	0.000000	0.000000	
770.000000	5510.617676	633.892639	0.938264	0.043830	85.280296	3.807052	210.000000	210.000000	0.000000	0.000000	0.000000	
771.000000	5516.983887	633.601563	0.921378	0.044210	85.292297	3.697364	210.000000	210.000000	0.000000	0.000000	0.000000	
772.000000	5522.483887	633.549622	0.847969	0.046042	85.364296	3.255587	210.000000	210.000000	0.000000	0.000000	0.000000	
773.000000	5526.604004	633.782654	0.879888	0.045678	85.376297	3.445592	210.000000	210.000000	0.000000	0.000000	0.000000	
774.000000	5529.338867	634.145996	0.837766	0.046273	85.388298	3.130082	210.000000	210.000000	0.000000	0.000000	0.000000	
775.000000	5529.634766	635.237061	0.603477	0.048955	85.346298	1.777399	210.000000	210.000000	0.000000	0.000000	0.000000	
776.000000	5525.998535	636.743591	0.930808	0.043914	85.358299	3.674424	210.000000	210.000000	0.000000	0.000000	0.000000	
777.000000	5520.216797	638.444885	0.764992	0.051343	85.826302	2.755482	210.000000	210.000000	0.000000	0.000000	0.000000	
778.000000	5512.512695	640.461609	1.313624	0.061266	87.038300	5.914647	210.000000	210.000000	0.000000	0.000000	0.000000	
779.000000	5506.175781	641.649170	1.129909	0.069854	87.620300	4.845485	210.000000	210.000000	0.000000	0.000000	0.000000	
780.000000	5500.824219	643.489441	1.276810	0.071853	87.860298	5.660812	210.000000	210.000000	0.000000	0.000000	0.000000	
Time		H (m)		IAS (km/h)	G_vert 		G_horiz 	RPM 		AoA 		Hydro_m 	Hydro_b 	SAU 		Fors 		Trigger 
781.000000	5496.963867	644.614563	1.250362	0.072505	87.932297	5.491797	210.000000	210.000000	0.000000	0.000000	0.000000	
782.000000	5494.763672	645.806213	1.242733	0.072521	87.944298	5.425026	210.000000	210.000000	0.000000	0.000000	0.000000	
783.000000	5494.105957	646.608887	1.262750	0.072243	87.956299	5.521622	210.000000	210.000000	0.000000	0.000000	0.000000	
784.000000	5495.242676	647.153198	1.340884	0.071106	87.914299	5.969302	210.000000	210.000000	0.000000	0.000000	0.000000	
